100 1000
-46 -22 -65 
-6 19 -31 
33 -54 -41 
97 -48 27 
21 -27 86 
-87 -79 85 
-43 -74 -68 
-40 -45 -48 
92 87 -37 
48 39 -17 
-89 -22 -38 
48 -6 63 
88 55 -31 
-89 -85 68 
43 47 64 
-64 -60 -25 
32 7 -74 
87 -89 -10 
84 -66 -7 
-32 28 63 
92 -4 -26 
1 -42 4 
74 23 -15 
-16 -62 -61 
-61 -31 -40 
13 -24 45 
85 58 4 
-32 -52 -92 
50 -63 -34 
-43 -18 24 
75 -9 -47 
-76 9 76 
-62 -32 -8 
72 94 -69 
25 43 -82 
55 97 -18 
-37 23 -63 
-77 58 15 
61 53 -9 
41 -48 -88 
32 -73 60 
17 52 53 
82 73 -36 
-20 11 92 
-27 67 87 
-89 15 -26 
-84 -78 -52 
10 -72 -48 
-2 53 75 
-30 -93 45 
84 -91 24 
-4 -53 61 
-99 -16 7 
3 70 82 
14 -72 -42 
34 -48 8 
-73 -11 -15 
44 -8 83 
77 -51 -26 
-27 -70 68 
20 -21 54 
-35 -45 -70 
95 -33 99 
27 -54 -26 
85 85 60 
-23 -99 -51 
12 39 15 
79 -77 -75 
-79 -4 -79 
-27 -92 16 
-88 -15 82 
66 -87 48 
39 -11 65 
-91 33 42 
-87 33 92 
-31 10 35 
85 -7 34 
40 72 -81 
6 -99 77 
-45 -45 -91 
-4 -44 -81 
-54 83 98 
45 -67 -35 
97 -12 -46 
75 -42 -48 
44 55 61 
44 -65 -8 
43 49 -41 
30 -21 6 
-51 -42 29 
88 66 -20 
27 -92 42 
-77 -73 9 
29 93 -87 
88 -61 45 
-41 -70 -28 
-6 98 53 
86 31 -53 
-100 35 6 
22 -67 60 
-87 59 73 
-12 -35 -61 
-69 3 7 
25 44 56 
62 -62 94 
92 -86 25 
20 -41 75 
-37 -46 -90 
-88 81 -9 
68 -78 75 
-30 58 59 
-6 -78 -5 
-11 -4 -24 
98 -95 16 
-32 -5 -17 
97 91 -51 
-32 52 -57 
17 28 89 
40 -40 -100 
55 40 -89 
-71 64 96 
-3 -10 -81 
27 -70 -24 
-47 48 35 
-98 81 -84 
93 -52 -16 
91 -1 10 
40 76 11 
18 -77 -32 
23 -51 -96 
-1 -55 -51 
-42 -46 -30 
-9 22 12 
21 -71 -42 
12 -46 -61 
57 67 22 
-96 53 97 
-51 28 -19 
-38 -63 -89 
16 49 -12 
-74 60 85 
-97 -29 77 
-27 -27 68 
-7 50 39 
-19 -25 82 
-20 100 52 
79 77 33 
66 34 -39 
58 -61 33 
92 10 2 
54 -50 14 
75 -64 92 
-42 -83 22 
1 85 -42 
17 -36 64 
1 14 92 
2 20 -20 
3 -96 -69 
34 41 57 
14 99 75 
-76 47 26 
-79 -12 -55 
-71 -23 -21 
38 55 42 
-24 -23 94 
-70 93 -35 
83 30 20 
-98 -95 7 
60 62 -84 
72 99 -42 
28 99 -84 
-8 -31 -1 
2 30 -37 
15 -19 56 
-29 3 -31 
-67 68 68 
-16 10 87 
-43 -76 -80 
41 -78 -34 
62 46 10 
-76 -22 64 
98 93 13 
-71 -34 72 
-39 97 7 
34 66 99 
-63 22 96 
79 -29 -43 
-30 20 57 
-65 29 -27 
35 37 -74 
-70 67 -14 
31 -78 98 
42 47 -43 
-39 75 27 
-66 46 -6 
15 70 -7 
-41 10 68 
24 -54 -62 
79 81 -46 
-58 37 29 
99 44 -75 
23 -64 54 
-23 -82 47 
-62 25 -60 
54 12 -64 
23 14 -63 
18 -26 -46 
83 62 52 
90 -9 -13 
100 -32 52 
-78 27 92 
-6 59 -47 
-6 100 -25 
-10 -16 -100 
-97 -13 87 
25 -21 15 
-90 -80 -22 
70 53 20 
17 68 -90 
84 -99 -61 
62 23 35 
17 44 -51 
48 -49 -20 
-99 41 -14 
91 -81 63 
27 49 -2 
58 97 25 
54 76 41 
9 11 1 
-62 -90 -29 
-70 23 -83 
-68 97 21 
73 -70 -74 
62 84 39 
65 -31 -31 
-71 66 -2 
96 -47 -80 
-31 48 78 
-87 94 99 
-5 35 38 
-67 4 -100 
48 69 -8 
18 33 93 
52 -67 -2 
98 -21 -76 
-35 -72 86 
-53 50 8 
-61 -93 -67 
50 -84 41 
31 -11 -7 
58 33 23 
-81 73 -29 
-58 55 17 
-32 76 30 
-50 -50 -93 
88 88 4 
-68 -10 98 
74 21 59 
-81 97 -9 
-58 -52 -95 
-73 25 66 
31 -58 36 
-47 93 48 
-5 -23 -70 
59 -60 -99 
-15 15 -1 
63 64 -88 
-47 -57 -87 
-54 91 80 
-35 8 -9 
-95 -87 -13 
-35 -18 93 
17 -13 -83 
8 60 59 
-7 25 85 
-28 -40 28 
21 -98 -45 
-92 -31 68 
-87 -27 -83 
-90 -65 -56 
-43 52 99 
-77 30 12 
30 -58 66 
-53 15 2 
-90 1 -78 
-50 -26 81 
-95 9 27 
9 -92 72 
-5 71 60 
-55 -31 27 
-37 -25 -84 
7 61 42 
-7 -9 -55 
24 5 15 
98 -59 53 
49 -14 50 
61 55 94 
94 -91 11 
13 -29 42 
16 -16 27 
11 -29 -8 
37 -39 -44 
-53 -23 -29 
100 96 93 
-43 -38 -22 
8 42 -18 
-3 -43 98 
-87 73 -100 
16 -65 17 
-66 48 83 
-67 67 -84 
-52 34 -76 
-73 -24 100 
-11 -65 -90 
42 25 -70 
-23 53 -13 
-7 -97 -11 
-18 -47 -76 
79 28 -90 
36 68 43 
-86 52 -34 
-41 -93 -31 
51 -86 -37 
-24 9 -13 
42 19 -51 
9 70 -7 
-91 38 -88 
31 -32 -17 
-31 -83 3 
-83 -92 -69 
74 -45 -58 
46 56 53 
68 -9 -33 
84 73 -18 
-35 -58 -75 
12 95 89 
-86 13 56 
-22 -22 -96 
-95 -83 -67 
-66 -47 55 
32 84 79 
31 -74 -82 
-12 -91 -55 
3 14 -29 
-29 72 72 
76 -1 -27 
-39 5 47 
-9 -73 -52 
76 97 -27 
-5 1 53 
88 -78 -46 
6 40 40 
95 98 -48 
31 -81 -100 
64 -3 -32 
33 -78 61 
12 62 1 
-57 29 95 
-40 90 73 
-22 63 -97 
64 44 -16 
15 -56 88 
16 -78 -44 
-55 49 93 
27 -68 -78 
79 43 68 
-54 71 86 
-81 -78 47 
74 -35 9 
-4 -77 -37 
-30 -29 -91 
-56 41 -60 
-73 38 -86 
-14 66 69 
57 74 -50 
12 89 91 
86 -99 -62 
31 -47 54 
41 21 34 
25 -39 -15 
66 -58 21 
-13 -97 -92 
51 -54 75 
75 13 4 
-29 93 -28 
76 -48 8 
24 85 -34 
91 -65 -65 
61 23 -33 
-90 48 -13 
57 -4 -1 
41 66 -20 
81 -10 76 
76 21 -78 
11 92 87 
-18 8 62 
-70 -93 3 
50 -16 -35 
30 78 49 
60 -44 65 
-33 90 10 
59 -41 -20 
53 99 -75 
-47 -65 -61 
-37 27 -33 
-100 7 31 
-10 84 -30 
-4 -42 -27 
-39 -76 -64 
5 -22 67 
-78 70 -58 
49 16 -83 
-82 -98 42 
-64 -79 90 
-22 39 -78 
30 -17 -77 
30 1 46 
-47 19 -75 
-42 60 11 
-62 -44 25 
39 56 95 
36 17 27 
-56 -93 34 
-45 29 21 
74 -15 -57 
-63 -3 25 
8 28 51 
-32 73 36 
96 28 -58 
-64 58 -70 
13 87 2 
-60 28 -21 
17 -11 -26 
-33 27 -9 
11 -89 -48 
56 52 39 
-65 15 83 
50 -33 91 
44 30 87 
34 -70 65 
91 59 -43 
-24 -43 -56 
46 85 75 
52 95 54 
-1 -36 -26 
-24 -37 46 
19 12 -10 
-5 -84 58 
97 3 -31 
-20 26 -61 
-18 -98 -72 
-84 4 -28 
-96 -100 -48 
89 -4 74 
53 -47 -14 
-48 -84 -95 
94 26 -40 
84 86 -52 
-95 87 -46 
100 64 36 
47 15 96 
-81 65 -99 
67 -83 -44 
63 65 -5 
80 4 -69 
-65 66 80 
34 56 -29 
-59 26 3 
33 -84 31 
38 57 -85 
34 63 33 
62 89 -57 
-99 -15 -75 
16 7 59 
19 -5 11 
6 73 -92 
-50 5 -97 
-59 66 -42 
-40 -100 4 
-88 -18 -46 
-81 -51 76 
90 43 70 
-58 82 13 
-43 -39 -34 
-69 -78 98 
-78 15 100 
41 12 -1 
-85 -12 -40 
91 -24 51 
6 99 44 
86 -8 76 
-92 -64 73 
67 -71 -44 
-30 57 83 
-38 64 62 
6 83 -11 
-6 -31 -12 
-33 -57 42 
-92 5 -93 
-41 4 11 
66 -54 97 
-4 80 -27 
86 64 19 
-27 -34 -59 
-98 -41 29 
45 27 -52 
-32 56 -40 
-53 -53 71 
74 -39 10 
-100 -81 -41 
56 38 77 
-9 43 59 
81 29 55 
100 -88 39 
49 16 -79 
64 -69 -85 
-43 -83 -82 
-19 -44 69 
-81 20 -13 
-9 50 -91 
-86 52 10 
21 56 18 
40 -35 42 
-51 80 71 
72 -49 63 
29 39 31 
-38 -97 90 
-60 -29 -5 
-77 83 23 
60 1 -88 
57 -69 26 
10 7 -38 
-49 90 100 
59 71 -92 
21 95 68 
94 -27 65 
42 24 -90 
-68 -76 -20 
-64 -84 -96 
-1 99 57 
77 -16 33 
-23 65 -20 
83 28 71 
46 -29 62 
-99 62 25 
-98 -57 -29 
-8 31 46 
97 12 -74 
-63 -63 -5 
86 57 -47 
-65 -24 -54 
82 -73 -44 
67 32 2 
-85 2 82 
59 74 -17 
-68 -24 -38 
-23 -18 -20 
-5 95 36 
-83 10 -77 
-8 96 -15 
-65 19 44 
54 73 91 
33 -32 -68 
-89 16 88 
-92 9 37 
44 20 -51 
-64 -97 13 
33 -45 59 
34 -98 -81 
83 -8 5 
-7 7 -24 
-25 73 14 
10 -44 -41 
57 -23 10 
-81 58 60 
-50 46 -65 
19 52 -92 
-57 -60 97 
-53 -8 -62 
4 -33 -37 
-21 -31 -61 
-42 -65 21 
-69 44 2 
-43 -39 82 
7 8 -74 
32 60 25 
11 97 -5 
-4 -41 33 
-3 -17 -24 
2 -92 -97 
-25 91 -72 
21 20 -51 
98 -43 -32 
37 45 -23 
50 56 16 
-2 -72 -12 
-58 -39 63 
68 -24 -30 
-81 -35 -37 
84 -20 -79 
12 79 -20 
91 -22 -56 
37 -80 51 
-98 84 -30 
-26 83 28 
22 63 -54 
90 -76 -39 
-67 -18 -28 
14 12 63 
-38 -22 97 
-3 -77 -84 
5 -63 -41 
80 99 -13 
76 -75 -29 
8 -6 -85 
-17 -85 -24 
-78 -57 62 
4 -71 50 
-68 -34 -1 
-63 -64 -77 
47 -47 -42 
-92 44 38 
61 70 43 
-75 92 -70 
-41 65 19 
42 -89 -31 
39 -84 54 
-71 -1 -99 
-40 -79 -74 
71 -7 -15 
-21 -84 28 
51 52 -81 
-29 -75 -41 
26 -97 -66 
-32 -96 -77 
-56 71 -30 
7 -98 -41 
-12 44 -53 
-60 -1 -36 
88 72 56 
-56 56 18 
50 -43 81 
58 34 26 
-81 24 94 
-6 -80 7 
35 15 -23 
64 -47 37 
-30 19 -43 
26 28 25 
-5 -49 -39 
21 8 -80 
-49 1 -65 
1 39 -21 
-90 -64 18 
41 56 -73 
8 35 21 
20 -75 20 
27 38 -65 
-12 -70 -77 
20 88 56 
-81 100 17 
96 -100 -51 
-22 -87 -8 
-96 -75 98 
62 -11 14 
-46 -46 -72 
-25 2 -57 
-15 93 18 
-75 29 1 
2 69 -47 
-52 15 -42 
-32 -25 79 
-40 14 -29 
52 2 12 
-36 72 -85 
-95 76 -22 
-73 15 -71 
71 -91 -14 
64 28 -47 
-38 67 93 
-64 64 -84 
-52 59 5 
-43 -34 27 
-93 -31 -79 
89 60 -69 
-12 8 88 
96 -5 91 
95 -84 -98 
-86 43 -56 
-38 -69 88 
-90 -73 -91 
43 -61 -26 
54 -36 96 
-52 -85 83 
15 72 40 
75 -18 84 
-43 21 75 
-94 -49 35 
38 -58 -71 
-42 68 -44 
-80 -57 2 
-1 -84 -9 
70 -26 -67 
12 -48 -5 
2 -88 -17 
-71 -13 -65 
66 -87 -8 
-28 92 -31 
27 10 32 
83 -81 -30 
-5 -60 -4 
-35 87 17 
92 1 -19 
59 54 7 
21 -15 -32 
-65 9 29 
17 12 18 
59 37 28 
45 31 81 
38 -26 -43 
41 -70 55 
-42 85 70 
26 -18 -42 
59 98 85 
33 25 40 
-25 36 -92 
-35 35 -61 
93 -40 -47 
87 -51 -29 
-28 36 -46 
80 -43 -49 
-7 55 -58 
-86 -21 -9 
-20 89 97 
12 83 29 
30 -82 77 
64 -36 74 
-7 23 78 
-19 4 -78 
-18 35 80 
-40 77 86 
60 -24 -59 
-80 50 44 
77 -93 80 
79 41 97 
80 37 75 
-84 -94 96 
74 74 -36 
39 44 66 
-92 -53 -14 
38 -29 4 
-80 5 -42 
17 -87 56 
42 -92 53 
2 27 -37 
-51 -29 -25 
12 3 -51 
95 -24 73 
90 96 -8 
-23 51 24 
-19 -28 -14 
-12 -47 -78 
65 73 -5 
-40 -24 69 
-17 -26 -51 
83 85 36 
-22 -25 -65 
43 79 -61 
95 -59 -67 
23 47 -4 
-53 34 -83 
-86 52 63 
5 22 -66 
-82 -100 17 
33 30 75 
15 -4 100 
54 46 24 
66 84 38 
-22 -18 12 
-60 -55 -42 
15 -73 -32 
15 -65 -90 
62 79 -7 
86 18 36 
-88 52 -15 
-40 72 82 
-7 -32 -87 
-72 -57 -37 
36 -81 70 
-45 79 57 
-80 66 -94 
-90 39 -39 
87 71 53 
80 -99 -98 
-75 -28 -14 
-26 80 -71 
29 75 -72 
24 53 -15 
31 -64 -37 
-75 -69 46 
58 56 -17 
6 -72 -58 
49 88 -25 
-52 61 6 
59 14 -33 
-75 -33 78 
-24 69 -85 
-67 -27 -39 
-77 -30 -97 
-92 88 -94 
-39 26 -48 
-69 -22 -19 
43 -38 -94 
-92 -83 -27 
98 -28 79 
-34 3 82 
3 29 15 
15 83 -41 
-75 78 -71 
97 -56 92 
-37 76 -38 
-93 -48 43 
78 62 -50 
-57 -40 36 
46 94 79 
-96 -5 -100 
35 -35 41 
-97 7 -23 
-4 93 -45 
-51 -36 -1 
36 -63 4 
44 -86 7 
54 -90 92 
-71 -97 -72 
-65 -31 -14 
89 -48 38 
24 60 -85 
54 -76 19 
-4 -13 -92 
-2 -4 -99 
-67 -61 -43 
36 -93 63 
-58 -65 -30 
-75 -95 -18 
1 10 3 
82 42 99 
4 -24 -76 
97 -78 77 
-61 58 53 
-9 -64 76 
67 -85 91 
-88 91 -45 
88 42 -63 
-54 -77 58 
68 -2 24 
72 -27 58 
-19 -57 -86 
-20 41 79 
-46 96 -16 
32 26 90 
-53 -1 -45 
-95 72 -46 
22 -41 60 
-41 8 67 
7 80 94 
-57 -1 -43 
-35 -22 60 
100 -69 6 
94 -95 16 
11 -8 11 
97 -58 -96 
-51 -46 -76 
-97 61 -85 
-94 -37 30 
21 85 77 
-53 -61 69 
-100 9 -75 
-29 72 90 
-64 -33 2 
-74 -2 -96 
56 -84 38 
41 -59 -55 
-4 96 8 
-60 25 -48 
-37 95 -35 
-92 -61 74 
-80 -23 18 
28 -23 -74 
-20 -65 -90 
-42 -1 65 
3 -82 17 
-69 45 -3 
30 -24 -52 
-57 -6 -68 
33 -27 -24 
16 22 -59 
-1 30 -31 
-6 -68 -37 
30 -48 -82 
-33 -96 -98 
35 -60 80 
49 -17 2 
-31 72 -84 
6 55 57 
-35 19 -73 
63 -44 60 
25 -12 -53 
-14 -70 100 
9 27 47 
-4 -70 15 
-28 92 -32 
-91 -15 74 
66 -29 -65 
-52 -34 -19 
-66 94 -45 
89 -56 62 
-100 63 27 
54 29 39 
-65 -95 -79 
-41 40 89 
37 90 45 
-78 53 -64 
22 -18 51 
-67 -69 -97 
-49 60 42 
60 -63 52 
17 -32 -76 
-43 -80 84 
87 36 -29 
71 -29 52 
77 22 -1 
-54 94 71 
-94 -57 -18 
-45 46 -53 
-71 -20 -22 
-21 50 -11 
-94 -89 -69 
67 -31 -85 
-43 -85 36 
40 -52 -56 
-22 -44 -95 
-14 72 -90 
-13 92 15 
50 -16 100 
79 -71 -92 
-56 22 -38 
-59 -87 76 
73 -19 88 
-11 -36 15 
-7 83 69 
29 91 -38 
-98 36 2 
-23 98 11 
94 -5 16 
-81 44 -70 
-37 51 54 
44 12 -66 
-63 72 -30 
-62 -5 6 
6 14 57 
86 -89 17 
1 -97 -92 
46 -97 -71 
-33 38 -40 
-73 1 -32 
31 -35 -19 
46 50 -96 
-77 75 50 
20 -23 -27 
60 -50 18 
-40 94 -8 
-3 -21 39 
86 27 53 
-81 -14 36 
2 50 -67 
-35 47 -15 
-54 -94 -6 
80 2 -43 
37 -73 -13 
42 92 -7 
-78 -91 91 
12 -72 -88 
-53 26 25 
-75 99 -50 
-55 100 59 
51 90 29 
79 -40 -34 
81 70 -69 
-8 30 9 
53 -86 86 
9 -21 40 
53 73 32 
-79 -59 -86 
44 77 -88 
-51 -40 -39 
19 85 -39 
-1 -16 -86 
64 -28 -55 
-95 -63 -14 
89 4 -41