100 100
0111010001001100111001111111111111111111111111111111100000000000000000000000000000011111010101011110
0001001110100100000011111111111111111111111111111111110000000000000000000000000000000000001100111110
0101111101000000111100000000000111111111111111111111100000000000000000000000000000000000000000001110
1010100001110100111111111111110111111111111111111111100000000000000000000000000000000000000000001110
1111111111111110111111110000000000000000000000001111110000000000000000000000000000000000000000001110
0111111111111110111111110000000000000000000000001111110000000000000000000000000000000011000110001110
1011111111111110111100000000000000000000000000001111111000000000000000000000000000001101000110001110
0111111111111110111100000000000000000000000000001111111000000000000000000000000000000000000000001111
0000000000000000000000000000000000000000000000001111110000000000000000000000000000000000000000001111
0000000000000000000000000000000000000000000000001111110000000000000000000000000000000000000000001111
0000000000000000000000000000000000000000000000001111110000000000000000000000000000000000000000000000
0000000000000000000000000000000000000000000000001111111100000000000000000000000000000000000111111000
0000000000000000000000000000000000000000011111101111111100000000000000000000000000000000000111111000
0000000000000000000000000000000000000000011111101111111100000000000000000000000000011111111111111111
0000000000000000000000000000000000000000011111101111110000000000000000000000000000011111111111111111
0000000000000000000000000000000000000000011111101111110000000000000000000000000000011111111111111111
0000000000000000000000000000000000000000011111101111110000000000000000000000000000011111111111111111
0000000000000000000000000000000000000000111111111111111100000000000000111111111111111111111111111111
0000000000000000000000000000000000000000111111111111111100000000000000111111111000000000000000000001
0000000000000000000000000000000000000000111111111111111100000000000000111111111000000000000000000001
0000000000111111111111111111111111111111111111111111111100000000000000111111111000000000000000000000
0000000000000000000000000000111111111111111111111111111100000000000000111111111000000000000000000000
0001111111111111111111111111111111111111111111111111111100000000000000111111111000000000000000000000
0001111111111111111111111111111111111111111111111111111100000000000000111111111000000000000000000000
0001111111111111111111111111111111111111111111111111111100000000000000111111111111111111111111111111
0001111111111111111111111111111111111111100000000000000000000000000000111111111111111111111111111111
0001111111111111111111111111111111111111100000000000000000000000000000111111111111111111111111111111
0001111111111111111111111111111111111111100000000000000000000000000000111111111111111111111111111111
0001111111111111111111111111111111111111100000000000000000000000000000111111111111111111111111111111
0001111111111111111111111111111111111111100000000000000000000000000000111111111111111111111111111111
0001111111111111111111111111111111111111100000000000000000000000000000111111111000000000000000000000
0001111111111111111111111111111111111111100000000000000000000000111111111111110000000000000000000000
0001111111111111111111111111111111111111100000000000000000000000111111111111110000000000000000000000
0001111111111111111111111111111111111111100000000000000000000000111111111111110000000000000000000000
0001111111111111111111111111111111111111100000000000000000000000111111111111110000000000000000000000
1001111111111111111111111111111111111111100000011111111111111110111111111111110000000000000000000000
1001111111111111111111111111111111111111100000011111111111111110111111111111110000000000000000000000
1001111111111111111111111111111111111111100000011111111111111110111111111111110000000000000000000000
0101111111111111111111111111111111111111100000011111111111111110111111111111110000000000000000000000
0011111111111111111111111111111111111111111111111111111111111110111111111111110000000000000000000000
0101111111111111111111111111111111111111111111111111111111111110111111111111110000000000000000000000
1011000001111111111111111111111111111111111111111111111111111110111111111111111000000000000000000000
0111111111111111111111111111111111111111111111111111111111000000111111111111111000000000000000000000
1111111001111111111111111111111111111111111111111111111111000000111111111111111000000000000000000000
1111111001111111111111111111111111111111111111111111111111000000111111111111111000000000000000000000
1111111001111111111111111111111111111111111111111111111111000000111111111111111111111111111110000000
0001111001111111111111111111111111111111111111111111111111000000111111111111111111111111111110000000
1010111001111111111111111111111111111111111111111111111100000000111111111111111111111111111110000000
0000111000111111111111111111111111111111111111111111100000000000111111111111111111111111111110000000
1111111000111111111111111111111111111111111111111111100000000000111111111111111111111111111110000000
1011111000111111111111111111111111111111111111111111100000000000111111111111111111111111111110000000
1101111000000000000000111111111111111111111111111111100000000000111111111111111111111111111110000000
1011111000000000000000111111111111111111111111111111100000000000111111111111111111111111111110000000
0101111000000000000000111111111111000000000000000000000000000000111111111111111111111111111110000000
1111111000000000000000111111111111000000000000000000000000000000111111111111111111111111111110000000
1111111000000000000000111111111111000000000000000000000000000000111111111111111111111111111110000000
1111111000000000000000111111111111000000000000000000000000000000111111111111111111111111111110000000
0111111000000000000000111111111111000000000000000000000000000000111111111111111111111111111110000000
0111111000000000000000111111111111000000000000000000000000000000111111111111111111111111111110000000
0111111000000000000000111111111111000000000000000000000000000110111111111111111111111111111110000000
0111111100000000000000000000000000000000000000000000000000000000111111111111111111111111111110000000
0111111111000000000000000000000000000000000000000000000000000000111111111111111111111111111110000001
1111111111000000000000000000000000000000000000000000000000000000001111111111111111111111111110000001
1111111111000000000000000000011111000000000000000000000000000000001111111111111111111111111110000001
0111111111000000000000000000011111000000000000000000000000000000001111111111111111111111111110000001
1111111111000000000000000000011111000000000000000000000000000000001111111110000001111111111110000001
0111111111000000000000000000011111000000000000000000000000000000001111111110000001111111111110000001
1111111111000000000000000000011111000000000000000000000000000000001111111110000001111111111110000000
1111111111000000000000000000011111000000000000000000000000000000001111111110000001111111111110000000
1111111111000000000000000000011111000000000000000000000000000000000000000110000001111111111110000000
1111111111000000000011111111111111000000000000000000000000000111111111111111111111111111110010000000
1111111111000000000011111111111111000000000000000000000000000111111111111111111111111111110011111110
0111111111000000000011111111111111000000000000000000000000000111111111111111111111111111110011111110
0111111111000000000011111111111111000000000000000000000000000111111111111111111111111111110011111111
0111111111001111111111111111111111111111110000000000000000000111111111111111111111111111110011111111
1111111111001111111111111111111111111111110000000000000000000111111111111111111111111111110011111111
1111111111001111111111111111111111111111110000000000000000000111111111111111111111111111111111111111
0111111111001111111111111111111111111111110000000000011111111111000000000000000011111111111111111111
0111100011001111111111111111111111111111110000000000011111111111000000000000000011111111111111111111
0000000000001111111111111111111111111111110000000000011111111111000000000000000011111111111111111111
0000000000001111111111111111111111111111110000000000000010000000000000000000011111111111111111111111
0000000000001111111111111111111111111111110000000000000010000000000000000000011111111111111111111111
0000000000001111111111111111111111111111110000000000000010000000000000000000011111111100000000000001
0000000000001111111111111111111111111111110000000000000010000000000000000000011111111100000000000001
0000000000001111111111111111111111111111110000000000011110000000000000000000011111111100000000000001
1111111111111111111111111111111111111111110000000000011110000000011111111111111111111111111110000001
1111111111111111111000000001111111111111111111110011111110111111111111111111111111111111111110000001
1111111111111111111000000001111111111111111111110011111110111111111111111111111111111111111110000001
1111111111111111111000000001111111111111111111110011111110111111111111111111111111111111111110000001
1111111111111111111000000001111111100000011111110011111110000000000000000000011111111100000000000001
1000001111111111111000000001111111100000011111100000001110000000000000000000011111111100000000000001
1000001111111111111111111111111111100011111111100000001110000000000000000000000000000000000000000001
1000001111111111111111111111111111111111111111100000001110000000000000000000000000000000000000000001
1000001111111111111000000001111111100000011111100000001110000000000000000000000000000000000000000001
1000000011111111111111110001111111100000011111100000001110000000000000000000000000000000000000000001
0000000000001111111111110000000000000011111111100000001110000000000000000000000000000000000000000001
0000000000000000000000000000000000000011111111111111111110000000000000000000000000000000000000000001
1000000000000000000011110000000000000011111111111111111110000000111111111111111111000000000000000001
1111111111111111110000001111111111111111111111111111111111111111111111111111111111000000000000000000
0000000001111111111111111111100101111111111111111111111111111111111111111111111111000000000000000000