160
0 0 0 29
0 30 2 42
0 43 0 60
0 61 108 61
0 62 108 62
0 63 108 63
0 64 108 64
0 65 0 66
0 67 46 68
0 69 108 69
0 70 108 70
0 71 0 90
0 91 13 92
0 93 108 93
1 0 13 12
1 13 2 19
1 20 24 26
1 27 2 44
1 45 1 71
1 72 1 93
2 45 6 65
2 66 2 70
2 71 46 72
2 73 2 93
3 13 6 74
3 75 10 93
7 13 13 36
7 37 24 58
7 59 10 93
11 59 45 74
11 75 14 80
11 81 12 93
13 81 13 93
14 0 23 6
14 7 27 26
14 27 20 80
14 81 14 91
14 92 15 93
15 81 46 89
15 90 108 90
15 91 15 93
16 91 25 93
21 27 21 32
21 33 24 74
21 75 25 93
22 27 24 93
24 0 108 0
24 1 24 93
25 1 27 47
25 48 35 55
25 56 25 93
26 56 31 74
26 75 46 91
26 92 54 93
28 1 31 18
28 19 30 32
28 33 31 93
31 19 31 93
32 1 33 9
32 10 33 17
32 18 35 55
32 56 45 93
34 1 41 2
34 3 41 11
34 12 35 93
36 12 48 49
36 50 36 93
37 50 108 50
37 51 39 93
40 51 45 93
42 1 108 1
42 2 42 4
42 5 45 93
43 2 44 3
43 4 45 93
45 2 108 2
45 3 45 93
46 3 46 4
46 5 47 50
46 51 85 64
46 65 46 93
47 3 108 3
47 4 47 85
47 86 50 93
48 4 108 4
48 5 48 93
49 5 53 38
49 39 55 40
49 41 49 93
50 41 70 78
50 79 55 80
50 81 50 93
51 81 95 86
51 87 52 93
53 87 83 90
53 91 63 93
54 5 60 27
54 28 108 28
54 29 54 93
55 29 55 36
55 37 70 93
56 29 63 33
56 34 70 93
61 5 93 9
61 10 102 11
61 12 67 93
68 12 102 13
68 14 70 93
71 14 71 64
71 65 108 65
71 66 78 93
72 14 78 26
72 27 76 33
72 34 78 93
77 27 78 28
77 29 78 93
79 14 93 24
79 25 102 33
79 34 85 74
79 75 108 75
79 76 83 93
84 76 95 87
84 88 92 93
86 34 102 65
86 66 94 93
94 5 100 7
94 8 94 93
95 8 102 65
95 66 108 66
95 67 101 93
101 5 101 93
102 5 102 66
102 67 102 70
102 71 105 78
102 79 102 80
102 81 105 93
103 5 104 7
103 8 106 15
103 16 106 25
103 26 108 32
103 33 106 37
103 38 105 66
103 67 105 93
105 5 105 93
106 5 106 37
106 38 106 66
106 67 106 70
106 71 108 71
106 72 107 91
106 92 108 93
107 5 108 7
107 8 107 18
107 19 107 66
107 67 107 93
108 8 108 18
108 19 108 21
108 22 108 56
108 57 108 66
108 67 108 71
108 72 108 93