1029
0 0 1 3
0 4 7 85
0 86 0 352
0 353 164 363
0 364 0 627
0 628 999 628
0 629 0 741
0 742 0 926
0 927 0 999
1 86 1 197
1 198 12 271
1 272 5 339
1 340 4 468
1 469 2 514
1 515 6 518
1 519 6 534
1 535 12 541
1 542 6 568
1 569 6 624
1 625 5 704
1 705 2 924
1 925 6 969
1 970 9 998
1 999 999 999
2 0 999 0
2 1 7 85
2 86 31 147
2 148 2 999
3 148 4 481
3 482 3 704
3 705 6 765
3 766 7 788
3 789 6 999
4 482 4 506
4 507 5 999
5 148 5 430
5 431 11 448
5 449 66 481
5 482 16 483
5 484 5 999
6 148 7 291
6 292 15 331
6 332 999 332
6 333 19 339
6 340 10 506
6 507 6 624
6 625 6 636
6 637 6 999
7 507 10 516
7 517 16 526
7 527 10 610
7 611 102 737
7 738 11 928
7 929 9 999
8 1 10 35
8 36 10 160
8 161 12 271
8 272 9 280
8 281 12 289
8 290 9 999
10 272 12 278
10 279 10 928
10 929 69 956
10 957 11 969
10 970 46 988
10 989 999 989
10 990 85 999
11 1 11 18
11 19 38 72
11 73 60 84
11 85 31 147
11 148 12 278
11 279 15 339
11 340 66 483
11 484 16 532
11 533 11 999
12 1 999 1
12 2 12 5
12 6 12 593
12 594 102 737
12 738 109 755
12 756 17 850
12 851 59 956
12 957 12 966
12 967 46 999
13 2 999 2
13 3 28 250
13 251 15 532
13 533 66 538
13 539 16 956
13 957 69 962
13 963 46 999
16 251 24 327
16 328 16 999
17 328 65 561
17 562 17 999
18 562 35 755
18 756 46 999
25 251 173 271
25 272 41 999
29 3 38 5
29 6 31 999
32 6 37 101
32 102 36 147
32 148 35 999
36 148 54 242
36 243 41 999
37 102 38 125
37 126 41 999
38 6 38 14
38 15 38 999
39 3 57 35
39 36 60 84
39 85 41 999
42 85 54 242
42 243 173 271
42 272 65 561
42 562 46 999
47 562 102 755
47 756 59 962
47 963 59 976
47 977 62 999
55 85 57 166
55 167 105 168
55 169 59 999
58 3 60 84
58 85 132 101
58 102 372 114
58 115 58 999
59 115 63 148
59 149 999 149
59 150 59 999
60 150 63 891
60 892 999 892
60 893 69 962
60 963 61 965
60 966 62 999
61 3 63 81
61 82 62 999
63 82 63 962
63 963 108 982
63 983 85 999
64 3 126 25
64 26 74 35
64 36 240 81
64 82 132 114
64 115 105 168
64 169 65 999
66 169 66 539
66 540 141 546
66 547 72 554
66 555 102 755
66 756 69 999
67 169 112 463
67 464 156 513
67 514 999 514
67 515 69 999
70 515 84 755
70 756 81 892
70 893 85 999
75 26 81 999
82 26 84 755
82 756 109 762
82 763 228 773
82 774 85 999
85 26 105 546
85 547 85 999
86 547 102 892
86 893 87 982
86 983 90 993
86 994 113 999
88 893 244 910
88 911 90 999
91 911 102 982
91 983 120 987
91 988 113 999
103 547 111 554
103 555 234 563
103 564 135 636
103 637 104 773
103 774 133 957
103 958 108 999
105 637 107 666
105 667 105 999
106 26 240 129
106 130 112 514
106 515 107 666
106 667 148 675
106 676 158 726
106 727 108 999
108 515 141 636
108 637 108 999
109 637 109 980
109 981 113 999
110 637 112 740
110 741 133 957
110 958 113 999
113 130 114 224
113 225 173 271
113 272 141 636
113 637 114 726
113 727 113 999
114 727 126 980
114 981 120 997
114 998 205 999
115 130 222 168
115 169 141 636
115 637 141 651
115 652 999 652
115 653 120 999
121 653 126 982
121 983 167 985
121 986 175 999
127 3 156 18
127 19 141 652
127 653 133 957
127 958 214 980
127 981 166 999
134 653 141 818
134 819 167 999
142 19 156 514
142 515 182 523
142 524 148 545
142 546 182 611
142 612 148 726
142 727 167 999
149 524 156 999
157 3 249 4
157 5 159 420
157 421 182 444
157 445 246 512
157 513 182 523
157 524 182 611
157 612 158 999
159 612 164 706
159 707 168 722
159 723 167 999
160 5 222 168
160 169 222 177
160 178 164 999
165 178 173 271
165 272 186 353
165 354 172 401
165 402 166 652
165 653 277 680
165 681 167 999
167 402 182 611
167 612 167 999
168 612 229 680
168 681 175 818
168 819 214 980
168 981 175 999
173 354 175 999
174 178 210 224
174 225 226 254
174 255 276 259
174 260 175 999
176 260 182 750
176 751 214 991
176 992 180 996
176 997 205 999
181 992 205 999
183 260 186 442
183 443 187 549
183 550 194 999
187 260 264 286
187 287 187 999
188 287 209 523
188 524 246 545
188 546 194 999
195 546 225 680
195 681 205 999
206 681 213 997
206 998 275 999
210 287 210 427
210 428 213 999
211 178 222 182
211 183 264 286
211 287 245 343
211 344 252 355
211 356 213 999
214 356 220 427
214 428 214 993
214 994 225 999
215 428 220 939
215 940 225 999
221 356 239 424
221 425 246 512
221 513 225 680
221 681 225 999
223 5 240 129
223 130 240 139
223 140 225 999
226 140 227 549
226 550 229 680
226 681 244 939
226 940 366 995
226 996 999 996
226 997 275 999
228 140 240 153
228 154 229 999
230 154 239 549
230 550 234 629
230 630 244 999
235 550 246 596
235 597 244 999
240 154 245 355
240 356 253 416
240 417 244 999
241 5 314 71
241 72 361 122
241 123 244 999
245 123 245 596
245 597 252 629
245 630 246 861
245 862 245 881
245 882 246 892
245 893 378 906
245 907 246 919
245 920 391 930
245 931 246 999
246 123 246 288
246 289 253 416
246 417 246 999
247 123 278 153
247 154 252 416
247 417 276 562
247 563 277 794
247 795 275 999
250 3 252 999
253 3 264 286
253 287 253 999
254 287 276 396
254 397 264 406
254 407 275 999
265 3 276 264
265 265 271 999
272 265 276 396
272 397 275 999
276 397 415 406
276 407 276 997
276 998 449 999
277 3 278 238
277 239 312 297
277 298 415 420
277 421 277 999
278 421 447 562
278 563 298 626
278 627 410 718
278 719 328 794
278 795 314 999
279 3 299 122
279 123 372 128
279 129 298 999
299 129 299 619
299 620 314 999
300 3 999 3
300 4 307 223
300 224 302 999
303 224 312 562
303 563 305 999
306 563 365 596
306 597 358 606
306 607 311 999
308 4 316 186
308 187 348 221
308 222 311 999
312 222 312 606
312 607 395 612
312 613 999 613
312 614 314 999
313 222 423 279
313 280 420 285
313 286 314 999
315 286 358 613
315 614 395 619
315 620 328 996
315 997 439 999
317 4 336 134
317 135 328 999
329 135 348 619
329 620 348 718
329 719 425 736
329 737 331 741
329 742 424 794
329 795 366 999
332 737 366 999
337 4 999 4
337 5 348 999
349 5 361 134
349 135 371 210
349 211 358 619
349 620 366 999
359 211 365 596
359 597 366 999
362 5 372 72
362 73 371 88
362 89 365 999
366 89 372 592
366 593 366 999
367 593 395 794
367 795 370 986
367 987 439 999
371 795 424 831
371 832 377 999
372 73 372 999
373 5 452 57
373 58 402 180
373 181 377 999
378 181 378 984
378 985 439 999
379 181 395 831
379 832 499 912
379 913 391 999
392 913 499 948
392 949 397 999
396 181 396 736
396 737 397 999
397 181 401 562
397 563 397 999
398 563 410 736
398 737 424 948
398 949 418 961
398 962 582 965
398 966 418 999
402 181 406 999
403 58 505 72
403 73 418 80
403 81 406 999
407 81 496 180
407 181 433 212
407 213 420 285
407 286 410 999
411 286 415 678
411 679 418 999
416 286 421 310
416 311 450 368
416 369 418 999
419 73 420 368
419 369 447 678
419 679 420 973
419 974 463 979
419 980 439 999
421 73 433 283
421 284 421 678
421 679 424 959
421 960 439 999
422 284 424 999
425 284 425 790
425 791 432 808
425 809 439 999
426 284 447 678
426 679 565 723
426 724 432 999
433 724 485 736
433 737 459 760
433 761 461 790
433 791 444 801
433 802 461 807
433 808 439 999
434 73 457 187
434 188 523 212
434 213 439 999
440 213 447 807
440 808 999 808
440 809 474 959
440 960 446 985
440 986 534 990
440 991 473 999
447 960 463 979
447 980 580 982
447 983 463 999
448 213 450 368
448 369 459 531
448 532 452 572
448 573 459 790
448 791 461 999
451 213 464 359
451 360 452 999
453 5 542 11
453 12 457 359
453 360 459 531
453 532 562 534
453 535 459 558
453 559 455 999
456 559 459 999
458 12 496 184
458 185 459 999
460 185 464 483
460 484 562 573
460 574 485 736
460 737 461 999
462 737 579 756
462 757 463 999
464 757 474 974
464 975 580 984
464 985 473 999
465 185 523 245
465 246 469 359
465 360 466 999
467 360 482 367
467 368 473 999
470 246 485 258
470 259 482 350
470 351 510 355
470 356 473 999
474 356 482 367
474 368 474 997
474 998 630 999
475 368 485 808
475 809 499 948
475 949 493 984
475 985 534 999
483 259 531 314
483 315 485 999
486 246 531 314
486 315 510 732
486 733 579 756
486 757 493 999
494 757 499 948
494 949 534 965
494 966 516 972
494 973 509 999
497 12 505 77
497 78 703 85
497 86 510 117
497 118 499 999
500 118 507 808
500 809 537 816
500 817 507 947
500 948 509 999
506 12 542 63
506 64 507 999
508 64 510 117
508 118 510 756
508 757 537 828
508 829 509 999
510 829 564 947
510 948 516 972
510 973 519 999
511 64 523 314
511 315 518 367
511 368 516 999
517 368 520 947
517 948 534 969
517 970 519 999
519 315 531 336
519 337 519 999
520 337 520 969
520 970 534 999
521 337 562 573
521 574 588 634
521 635 534 999
524 64 548 199
524 200 531 229
524 230 534 999
532 200 554 216
532 217 534 999
535 217 537 951
535 952 580 984
535 985 627 992
535 993 630 999
538 217 562 756
538 757 580 802
538 803 539 999
540 803 564 947
540 948 580 999
543 5 561 17
543 18 548 999
549 18 571 85
549 86 565 117
549 118 558 999
559 118 577 199
559 200 561 215
559 216 562 999
562 5 571 199
562 200 675 211
562 212 562 999
563 212 595 557
563 558 588 634
563 635 564 999
565 635 565 802
565 803 580 828
565 829 622 856
565 857 669 880
565 881 580 999
566 635 588 691
566 692 579 999
572 5 598 51
572 52 577 999
578 52 600 161
578 162 579 999
580 162 588 691
580 692 580 732
580 733 580 750
580 751 622 753
580 754 580 999
581 692 613 730
581 731 657 746
581 747 601 951
581 952 582 979
581 980 627 999
583 952 601 999
589 162 595 574
589 575 601 999
596 162 652 211
596 212 602 367
596 368 648 375
596 376 598 557
596 558 601 999
599 5 625 17
599 18 600 472
599 473 601 999
601 18 615 54
601 55 703 101
601 102 659 143
601 144 602 375
601 376 601 999
602 376 648 472
602 473 605 557
602 558 643 574
602 575 613 916
602 917 650 978
602 979 627 999
603 144 652 211
603 212 675 215
603 216 605 999
606 216 637 472
606 473 696 505
606 506 613 999
614 506 616 690
614 691 698 693
614 694 622 999
616 18 619 48
616 49 616 999
617 49 637 505
617 506 643 574
617 575 622 999
620 18 921 32
620 33 622 999
623 33 623 746
623 747 657 855
623 856 627 999
624 33 637 574
624 575 643 636
624 637 640 647
624 648 630 675
624 676 627 999
626 5 722 7
626 8 627 999
628 8 630 979
628 980 633 984
628 985 694 986
628 987 999 987
628 988 760 989
628 990 630 999
631 8 637 647
631 648 662 671
631 672 633 989
631 990 633 996
631 997 694 999
634 672 637 980
634 981 999 981
634 982 682 999
638 8 647 215
638 216 999 216
638 217 640 907
638 908 650 978
638 979 682 999
641 217 643 636
641 637 662 642
641 643 707 710
641 711 662 728
641 729 650 999
644 217 648 505
644 506 670 566
644 567 776 622
644 623 650 999
648 8 722 32
648 33 648 999
649 33 652 387
649 388 650 999
651 388 662 728
651 729 657 907
651 908 659 969
651 970 682 999
653 33 666 179
653 180 675 216
653 217 657 999
658 217 662 730
658 731 737 738
658 739 658 999
659 739 809 887
659 888 659 999
660 888 661 958
660 959 712 968
660 969 676 999
662 888 852 900
662 901 685 919
662 920 676 999
663 217 665 387
663 388 670 622
663 623 676 999
666 217 670 233
666 234 666 247
666 248 670 306
666 307 735 309
666 310 675 318
666 319 670 999
667 33 671 36
667 37 670 233
667 234 670 999
671 37 687 216
671 217 675 221
671 222 719 302
671 303 675 318
671 319 766 387
671 388 696 560
671 561 676 999
672 33 676 999
677 33 679 919
677 920 779 968
677 969 682 999
680 33 921 35
680 36 682 999
683 36 685 974
683 975 684 983
683 984 694 999
685 975 685 981
685 982 686 999
686 36 686 900
686 901 779 976
686 977 694 999
687 36 687 216
687 217 687 999
688 36 999 36
688 37 703 179
688 180 691 560
688 561 694 999
692 180 719 309
692 310 694 999
695 310 696 981
695 982 912 985
695 986 760 992
695 993 698 999
697 310 735 387
697 388 748 460
697 461 710 497
697 498 765 507
697 508 698 999
699 508 707 992
699 993 722 994
699 995 714 999
704 37 765 177
704 178 707 999
708 178 710 542
708 543 712 560
708 561 776 655
708 656 712 671
708 672 712 999
711 178 719 460
711 461 726 507
711 508 712 999
713 508 737 976
713 977 714 999
715 977 722 994
715 995 928 996
715 997 722 999
720 178 756 179
720 180 765 221
720 222 766 270
720 271 827 301
720 302 999 302
720 303 722 999
723 5 805 14
723 15 726 992
723 993 760 997
723 998 776 999
727 15 735 460
727 461 776 473
727 474 733 999
734 474 776 477
734 478 737 999
736 15 765 312
736 313 737 999
738 313 766 477
738 478 745 507
738 508 776 538
738 539 774 559
738 560 776 976
738 977 760 999
746 478 776 486
746 487 748 999
749 487 760 999
761 487 776 976
761 977 778 996
761 997 937 999
766 15 849 135
766 136 766 302
766 303 766 999
767 136 863 255
767 256 797 337
767 338 776 999
777 338 802 377
777 378 831 585
777 586 778 999
779 586 779 976
779 977 880 985
779 986 797 999
780 586 809 900
780 901 852 920
780 921 845 936
780 937 789 999
790 937 845 938
790 939 810 999
798 256 827 327
798 328 802 999
803 328 840 361
803 362 809 999
806 5 999 5
806 6 809 999
810 6 813 361
810 362 827 585
810 586 818 738
810 739 820 751
810 752 813 856
810 857 810 999
811 857 850 938
811 939 845 940
811 941 821 999
814 6 818 767
814 768 999 768
814 769 821 999
819 6 827 659
819 660 830 681
819 682 820 999
821 682 821 999
822 682 830 768
822 769 850 993
822 994 928 999
828 6 849 255
828 256 840 372
828 373 830 999
831 373 831 716
831 717 850 999
832 373 871 501
832 502 870 545
832 546 850 999
841 256 959 346
841 347 850 999
850 6 921 104
850 105 850 999
851 105 863 346
851 347 859 716
851 717 946 768
851 769 852 920
851 921 867 948
851 949 860 999
853 769 867 811
853 812 880 842
853 843 879 857
853 858 878 897
853 898 860 999
860 347 871 630
860 631 860 999
861 631 867 948
861 949 880 992
861 993 928 999
864 105 958 152
864 153 877 211
864 212 867 999
868 212 871 778
868 779 995 809
868 810 878 897
868 898 880 999
872 212 959 346
872 347 999 406
872 407 994 562
872 563 904 630
872 631 878 999
878 153 878 999
879 153 879 868
879 869 880 999
880 153 903 844
880 845 880 999
881 845 908 975
881 976 998 977
881 978 912 999
904 153 904 831
904 832 906 999
905 153 959 562
905 563 942 564
905 565 908 999
909 565 917 844
909 845 951 911
909 912 998 935
909 936 912 999
913 936 928 977
913 978 998 985
913 986 915 999
916 986 942 990
916 991 928 999
918 565 926 838
918 839 925 999
922 6 976 65
922 66 925 999
926 66 926 838
926 839 926 999
927 66 942 564
927 565 946 809
927 810 928 999
929 810 933 956
929 957 938 962
929 963 942 999
934 810 991 935
934 936 938 999
939 936 942 958
939 959 942 999
943 66 956 562
943 563 946 935
943 936 951 956
943 957 947 962
943 963 943 965
943 966 947 989
943 990 967 999
944 963 947 999
947 563 951 716
947 717 947 999
948 717 951 956
948 957 999 957
948 958 999 958
948 959 998 985
948 986 951 999
952 563 970 625
952 626 961 715
952 716 991 935
952 936 967 999
957 66 958 999
959 66 978 151
959 152 959 999
960 152 961 254
960 255 981 337
960 338 961 999
962 152 981 337
962 338 970 625
962 626 999 630
962 631 967 999
968 631 982 989
968 990 994 992
968 993 981 999
971 338 979 588
971 589 981 999
977 6 978 999
979 6 998 30
979 31 997 105
979 106 979 999
980 106 981 339
980 340 980 999
981 340 981 562
981 563 981 999
982 106 986 318
982 319 982 325
982 326 982 997
982 998 992 999
983 319 984 630
983 631 996 641
983 642 985 699
983 700 991 992
983 993 994 999
985 319 991 325
985 326 985 999
986 326 989 641
986 642 991 999
987 106 992 261
987 262 987 292
987 293 989 999
988 262 989 999
990 262 994 572
990 573 992 601
990 602 991 999
992 602 999 641
992 642 996 715
992 716 992 838
992 839 994 999
993 106 994 228
993 229 993 809
993 810 994 999
994 229 998 238
994 239 994 999
995 106 999 140
995 141 996 145
995 146 998 238
995 239 996 442
995 443 996 484
995 485 995 809
995 810 996 992
995 993 999 997
995 998 995 999
996 485 996 799
996 800 996 997
996 998 999 999
997 141 998 238
997 239 997 293
997 294 999 406
997 407 999 451
997 452 997 488
997 489 998 701
997 702 999 715
997 716 999 799
997 800 998 989
997 990 999 999
998 31 998 53
998 54 999 70
998 71 998 79
998 80 998 451
998 452 999 460
998 461 998 468
998 469 999 477
998 478 998 999
999 6 999 8
999 9 999 9
999 10 999 228
999 229 999 526
999 527 999 535
999 536 999 808
999 809 999 920
999 921 999 930
999 931 999 933
999 934 999 999