100
71 129 154 47 20 74 195 64 19 159 133 5 80 198 19 112 48 139 33 12 81 3 106 53 22 186 105 65 71 177 187 137 76 87 126 184 26 99 35 79 191 68 150 171 175 165 78 28 120 31 120 162 43 197 54 62 129 30 101 2 173 123 116 158 193 6 200 168 200 162 92 111 98 189 174 45 118 63 101 78 193 5 39 65 53 79 86 34 94 170 178 177 165 74 90 27 119 184 124 114 
104 172 28 36 153 47 113 5 169 168 27 34 143 1 193 27 181 109 7 196 24 112 172 121 52 27 73 43 180 82 86 58 192 116 111 105 7 135 3 161 68 141 93 19 13 47 179 110 165 148 68 49 164 125 119 69 76 97 102 106 12 48 49 125 186 23 79 163 137 7 64 36 178 57 141 78 183 170 193 13 35 191 129 44 61 198 78 59 11 168 132 30 146 166 107 61 52 63 10 61 
163 84 91 146 33 25 89 31 98 96 103 44 57 195 74 75 56 101 6 167 179 173 79 161 75 120 118 64 120 75 27 116 136 50 169 8 172 48 61 121 154 75 184 119 21 11 140 152 16 119 67 155 10 147 147 95 18 34 158 193 156 148 70 180 52 157 134 104 151 162 123 153 82 48 169 139 58 163 66 143 138 136 145 117 98 23 133 78 132 176 169 188 59 9 24 72 140 25 150 104 
31 4 137 147 46 36 110 66 91 128 160 197 65 3 148 63 41 140 80 112 101 30 137 85 136 35 84 197 20 42 124 138 30 65 162 146 188 121 195 114 14 45 179 38 114 46 191 7 113 95 184 121 32 151 12 120 145 8 38 23 79 75 157 164 81 94 131 99 181 52 148 150 166 7 174 78 104 12 111 64 48 162 98 39 193 73 132 41 97 139 155 177 194 178 69 57 36 190 118 82 
87 88 108 42 119 9 45 64 8 144 24 126 129 4 17 164 181 94 133 101 140 105 13 168 104 185 104 174 107 190 185 90 22 67 64 82 69 31 188 49 118 72 126 142 104 46 145 108 191 35 189 111 14 45 186 88 110 78 34 45 98 136 71 160 165 64 12 58 147 46 112 172 45 102 197 162 8 46 62 181 189 60 62 35 74 108 198 4 63 43 14 4 46 51 101 48 193 27 148 79 
23 185 172 190 73 183 32 16 151 128 133 137 40 173 93 173 78 121 99 1 112 77 49 29 185 40 102 77 198 103 19 131 28 93 28 3 135 39 36 123 168 111 129 20 30 82 158 57 101 64 87 187 172 56 23 126 16 102 78 164 174 26 183 12 22 93 45 127 171 138 101 199 95 47 22 179 187 79 5 27 123 158 85 109 88 184 20 130 168 102 41 49 152 118 138 5 97 94 194 133 
40 68 118 112 88 165 8 170 66 200 109 112 180 6 122 84 192 65 164 85 11 30 116 159 142 88 56 82 97 34 79 57 3 185 165 154 126 60 140 29 72 89 60 106 188 157 65 92 111 159 106 12 126 153 130 67 132 52 183 143 138 96 120 145 191 157 44 81 175 200 141 143 120 53 124 87 143 110 54 128 129 53 35 33 134 100 87 104 191 38 9 145 104 145 170 7 129 187 104 122 
150 118 192 181 55 162 129 90 81 101 53 13 139 25 67 98 149 58 135 99 163 74 188 194 23 92 160 8 68 145 133 88 159 186 31 26 184 186 121 167 167 143 74 182 1 54 14 122 121 24 7 120 195 12 26 56 132 18 166 31 125 161 46 14 110 54 192 116 32 155 54 99 51 111 98 113 190 191 103 101 148 57 98 59 147 24 183 110 121 89 184 57 199 185 80 155 23 193 94 140 
170 15 149 152 98 10 152 79 54 81 147 15 108 193 133 63 160 194 97 24 11 28 115 186 71 3 72 200 110 132 70 89 43 131 130 132 184 43 129 71 62 177 182 156 92 141 66 145 134 77 194 34 62 72 138 157 8 180 127 154 72 117 155 13 86 99 185 178 113 182 135 107 2 9 92 168 71 80 111 52 160 111 39 128 30 48 113 71 71 8 148 182 111 160 9 37 192 19 5 21 
10 120 56 184 29 110 112 40 147 30 63 173 155 178 36 151 176 105 197 12 48 155 90 110 48 135 4 68 165 151 92 12 21 52 64 18 116 132 32 151 170 148 47 136 2 140 93 50 190 110 25 167 30 113 164 64 15 64 184 39 56 83 200 168 159 55 145 52 42 79 86 121 34 14 9 49 50 15 93 148 77 115 49 93 69 14 199 95 112 103 90 66 13 122 190 150 37 44 153 138 
44 114 87 2 62 119 83 139 158 176 97 163 42 93 114 194 186 54 174 95 160 87 77 153 113 106 177 155 97 160 3 170 101 155 174 142 194 195 105 27 3 187 37 91 79 111 70 81 129 189 63 4 97 180 134 119 176 29 87 81 161 101 28 118 34 133 113 185 26 166 189 52 140 20 181 142 146 110 83 191 69 78 116 163 160 75 184 153 181 97 90 110 167 90 174 3 30 75 2 120 
9 173 173 91 70 111 21 1 157 13 29 64 131 23 83 86 58 103 151 162 141 136 71 69 32 64 23 156 6 187 30 61 93 108 164 108 109 23 56 25 14 112 134 191 6 170 85 59 177 197 111 135 179 143 17 154 33 22 90 102 118 127 17 38 65 62 135 162 4 90 91 65 183 124 52 57 59 188 81 85 42 144 148 44 91 138 126 34 189 181 52 109 65 84 6 78 57 159 56 98 
127 187 74 45 30 164 34 26 157 97 170 56 146 21 51 180 171 189 48 71 103 139 104 141 19 62 187 65 137 132 109 192 3 21 97 89 117 197 141 29 153 61 99 96 179 54 111 164 140 172 196 63 133 67 138 121 105 65 98 164 21 24 138 119 196 189 11 25 106 66 191 71 42 156 153 146 107 154 165 40 21 171 190 149 113 26 62 69 183 17 152 137 17 15 169 188 157 128 117 25 
168 183 110 43 5 42 200 192 68 42 136 195 144 182 114 13 121 139 137 191 80 162 65 182 33 158 48 11 26 24 91 30 98 153 54 38 197 147 171 184 172 36 20 122 105 160 115 19 200 75 54 25 169 136 184 46 185 24 26 151 32 186 161 58 54 11 89 108 15 67 40 45 190 196 77 97 69 151 6 3 58 93 161 167 141 158 186 13 109 82 100 189 3 178 195 139 79 194 157 137 
94 189 41 11 125 109 151 99 95 181 15 113 26 101 70 151 40 18 19 87 66 127 40 161 78 196 116 52 97 73 29 192 111 7 195 126 79 43 167 5 132 136 90 90 6 168 178 19 184 62 55 128 50 187 36 102 86 60 113 17 167 164 150 86 54 75 49 66 7 91 184 19 136 130 155 41 25 145 176 191 30 80 50 36 66 91 99 185 150 69 70 111 47 120 130 150 134 199 57 12 
152 40 191 80 190 80 53 74 63 4 140 177 161 194 63 48 182 107 122 134 187 53 167 16 196 176 119 69 91 165 197 143 144 62 6 145 10 62 109 113 148 94 139 91 91 9 171 175 155 85 100 104 128 87 31 106 162 185 80 119 178 66 90 150 106 2 115 17 1 176 127 18 84 27 184 193 48 41 162 196 43 95 21 196 162 158 156 120 109 118 138 152 23 154 116 167 18 119 169 86 
47 42 95 97 187 62 183 145 181 14 152 69 187 93 145 45 125 103 80 109 57 44 144 67 149 33 103 45 172 34 5 66 47 48 88 67 45 75 165 13 37 12 193 70 168 138 13 193 52 135 192 176 138 165 110 117 113 99 190 77 60 86 194 153 150 198 23 66 94 46 84 41 61 55 160 193 148 50 52 114 179 136 119 42 196 104 88 57 86 115 14 1 46 176 116 120 167 39 64 44 
34 60 42 42 129 67 162 123 181 106 50 156 151 159 19 8 51 38 99 12 17 63 195 143 141 139 39 83 191 153 119 28 133 17 155 132 92 99 51 177 157 29 179 116 83 88 142 87 179 14 42 26 141 58 65 121 7 99 40 166 1 22 104 198 139 88 137 107 98 53 190 174 161 71 188 118 28 143 37 26 88 193 1 14 159 167 100 53 104 45 34 164 106 108 38 151 120 13 18 42 
200 51 177 94 182 141 152 70 54 63 3 60 159 13 93 125 122 60 167 190 26 92 129 34 197 61 158 169 72 172 33 94 10 107 174 53 119 155 132 127 116 22 126 115 138 13 144 139 187 51 119 64 170 116 65 19 15 86 60 66 56 98 155 27 59 167 194 103 31 60 26 190 187 127 80 155 198 158 80 123 62 25 16 144 12 178 103 36 92 91 172 13 26 179 130 36 8 116 1 81 
20 164 128 102 102 197 158 166 47 155 185 82 85 106 53 16 100 66 150 25 199 48 41 69 179 34 68 150 84 118 46 149 24 143 129 84 98 78 4 25 154 65 61 68 63 66 180 22 94 71 58 190 180 169 104 97 119 187 44 172 59 137 143 1 1 106 194 164 106 36 102 145 121 27 82 68 102 165 63 109 166 93 88 14 184 114 77 42 187 115 143 115 131 25 54 72 122 129 45 154 
155 188 95 113 129 157 179 119 110 135 139 113 97 72 147 166 174 62 180 93 81 141 8 111 77 42 192 30 15 110 41 17 184 106 45 197 23 116 77 49 28 4 172 86 105 109 151 17 156 51 177 143 63 5 43 172 160 47 64 199 67 136 143 21 150 162 82 161 69 67 107 133 140 47 141 40 35 96 160 108 107 83 191 98 79 32 132 69 174 118 28 111 12 16 60 108 88 48 130 185 
73 79 81 88 17 54 84 84 3 52 179 43 9 116 3 140 110 113 192 22 27 49 166 27 189 132 29 64 43 88 43 2 85 75 187 22 64 139 75 76 174 53 35 49 50 56 73 112 121 45 34 157 108 70 139 94 130 112 85 86 194 22 151 126 191 195 86 34 28 92 103 150 174 135 132 91 137 76 77 130 114 95 142 52 12 199 127 76 79 110 105 97 74 125 19 163 185 84 100 161 
26 19 91 149 1 87 163 45 51 12 130 71 111 100 137 88 136 57 149 161 32 109 100 30 127 67 171 108 73 193 180 23 165 165 117 117 73 41 163 114 19 68 86 57 51 151 45 108 28 128 19 105 153 134 185 41 124 138 123 117 17 175 135 23 194 38 159 138 108 88 64 175 78 200 43 102 17 172 145 45 163 72 171 184 174 47 175 181 181 24 86 82 95 73 27 134 108 154 158 137 
100 136 94 48 119 52 110 137 119 16 126 55 89 93 34 194 115 188 87 191 143 47 122 112 174 67 179 111 152 133 110 4 135 62 26 56 83 92 154 190 16 118 194 165 68 147 115 172 180 48 103 155 6 108 169 177 73 154 107 64 17 83 155 33 39 141 119 156 101 139 117 113 183 66 39 84 141 62 140 185 37 95 82 44 5 43 127 59 14 89 111 170 156 15 64 67 26 57 161 160 
114 175 17 150 82 169 148 176 138 58 55 157 170 142 53 95 105 120 10 9 144 173 180 108 196 55 162 14 27 135 5 127 110 170 107 9 68 46 122 92 191 106 17 76 55 96 42 48 101 167 100 175 147 73 21 48 198 133 5 190 157 66 110 198 12 186 95 71 49 126 7 109 175 108 70 66 121 1 87 154 54 36 82 65 194 113 95 155 70 183 93 47 30 87 112 49 8 33 32 155 
84 148 166 159 79 106 42 99 122 38 127 154 63 195 168 99 115 194 173 168 103 95 29 102 9 25 167 27 87 116 92 65 83 181 99 165 42 161 136 76 63 90 191 28 13 95 162 90 17 23 66 101 165 98 27 149 137 132 120 81 133 39 13 109 49 156 147 156 29 117 189 144 20 130 10 147 147 38 108 112 64 37 53 75 6 197 1 106 20 37 30 151 149 30 175 131 66 141 105 88 
99 138 181 123 118 169 116 116 174 114 121 51 172 119 183 17 171 18 163 80 101 88 37 104 51 37 192 15 82 5 129 108 89 12 4 193 151 116 177 162 17 65 126 30 153 122 158 89 122 30 63 67 96 7 185 145 165 96 131 30 189 15 15 69 179 39 21 118 20 126 22 19 9 149 111 45 163 33 149 136 143 164 103 63 113 105 87 14 100 163 19 58 103 160 112 63 116 7 22 86 
114 35 38 144 162 19 31 44 134 136 113 65 13 26 81 97 20 31 82 50 94 25 109 185 172 75 151 149 136 8 129 190 131 96 109 136 23 143 92 184 22 132 52 193 137 19 183 59 77 47 47 50 167 120 29 78 104 188 16 76 180 29 115 24 125 136 47 45 52 109 32 35 55 88 196 124 110 146 21 171 144 100 104 105 42 130 102 165 23 112 32 80 164 124 135 26 34 183 137 180 
190 49 136 139 157 56 52 141 145 13 169 148 41 35 67 12 196 156 54 107 126 10 98 20 187 39 43 63 24 114 190 49 185 15 184 99 157 17 121 193 173 198 21 42 132 31 3 71 9 139 175 66 31 15 122 13 157 4 89 187 121 197 115 151 80 115 83 191 25 198 118 172 143 194 30 185 109 133 117 14 99 121 126 120 39 58 12 38 47 101 62 34 59 34 178 155 56 48 62 179 
150 12 183 57 139 46 200 70 16 88 156 52 65 123 158 175 10 63 125 140 157 159 134 25 121 87 57 80 116 172 70 147 96 118 32 141 108 116 7 163 1 180 196 78 93 173 69 133 117 147 8 171 26 78 68 66 30 56 163 163 88 81 36 172 188 9 182 172 142 161 38 22 20 134 177 71 187 91 13 173 162 129 105 103 91 174 134 19 200 176 109 120 130 148 55 129 44 64 107 25 
190 65 146 185 77 1 47 156 72 152 67 132 78 158 109 147 195 99 70 143 186 83 105 194 83 178 121 181 117 183 86 97 199 96 175 122 193 178 139 129 200 50 139 124 38 189 15 148 39 193 169 74 175 6 54 22 90 93 136 54 100 187 176 24 55 169 105 5 82 148 96 113 182 164 184 3 84 83 139 173 194 163 2 128 101 4 157 104 9 10 166 143 131 55 15 81 47 122 164 28 
197 155 163 57 38 9 168 91 37 3 77 75 1 23 7 78 183 194 75 52 36 197 31 101 112 104 70 137 181 13 163 20 87 156 39 5 118 135 117 26 118 185 74 10 120 32 186 62 49 123 165 61 88 105 137 114 37 129 105 116 13 24 91 50 122 154 120 97 119 120 100 123 193 154 93 70 185 137 160 174 71 123 198 135 80 196 86 116 120 86 133 93 178 21 144 1 19 154 50 200 
7 65 25 82 44 17 194 82 107 15 13 169 197 175 75 48 113 185 35 22 91 68 5 1 65 105 54 61 7 111 146 126 18 166 167 36 41 98 5 10 8 110 76 3 191 146 111 98 119 179 180 155 44 38 189 44 5 89 104 194 24 37 2 129 3 3 115 83 118 106 59 76 36 83 179 8 9 129 61 66 5 96 197 18 141 97 1 177 115 15 52 92 116 113 8 171 23 12 1 109 
134 84 175 186 196 48 188 132 111 167 188 99 55 106 97 68 84 120 166 181 166 136 132 79 61 6 200 32 129 141 5 141 172 101 94 81 4 177 36 68 69 33 101 154 90 119 38 110 180 63 167 51 99 32 4 152 193 129 109 102 142 178 19 63 22 176 122 132 71 92 14 90 95 73 38 179 34 89 14 53 32 147 48 105 157 82 10 58 106 173 19 135 58 198 166 23 151 130 25 160 
98 156 64 148 1 182 82 25 162 21 85 99 70 111 46 168 137 108 104 16 158 126 166 111 120 167 60 129 18 94 174 17 120 181 36 13 79 177 54 129 47 39 49 30 49 192 172 151 131 169 44 72 160 65 122 108 116 191 23 57 61 72 46 18 38 18 95 65 117 200 4 55 116 147 36 17 165 121 22 64 54 180 111 110 91 178 196 56 123 4 51 140 187 69 84 152 159 169 37 100 
79 87 26 14 142 77 20 16 101 150 96 96 70 195 40 76 181 11 15 135 96 56 22 5 96 184 140 39 80 76 106 171 25 185 11 195 176 48 27 200 167 52 191 91 16 40 34 23 153 10 72 95 144 192 170 24 176 53 154 58 28 128 33 96 144 18 28 161 143 146 21 19 110 78 190 12 128 176 16 172 75 19 89 146 151 32 148 89 159 9 155 86 88 114 63 121 86 95 112 134 
78 37 152 103 70 161 97 71 169 71 95 78 86 129 72 4 96 132 40 36 153 200 81 47 31 180 200 113 136 139 51 164 42 55 54 143 11 24 61 90 79 113 155 73 136 136 64 146 104 160 26 189 2 173 107 168 102 27 48 132 107 138 193 95 62 146 20 46 137 72 84 183 143 90 47 9 76 197 182 152 146 48 157 65 198 4 154 14 200 122 130 190 161 9 159 36 199 11 30 3 
188 196 124 67 37 110 81 194 126 3 85 82 131 200 62 58 33 113 84 108 194 55 132 67 167 132 16 111 169 15 47 151 176 64 49 89 84 113 51 104 10 182 145 131 190 83 65 190 111 153 68 144 64 45 128 88 170 45 8 4 199 40 77 159 1 169 61 134 169 22 154 200 140 139 6 56 200 39 106 136 180 56 70 132 109 200 59 72 92 59 196 150 69 19 82 112 91 18 78 6 
71 123 170 21 176 62 153 4 4 102 61 172 140 193 199 180 141 75 200 30 19 39 118 178 128 195 67 156 42 23 152 84 195 154 158 27 98 121 13 101 23 45 141 135 67 72 26 69 37 36 109 128 1 7 188 123 140 174 28 113 179 133 173 149 24 105 28 38 142 138 70 124 156 105 135 171 61 97 3 3 25 69 164 169 44 198 26 63 12 47 48 82 200 31 171 141 131 82 22 90 
48 189 16 72 24 52 55 182 158 122 86 162 92 43 162 70 55 49 178 119 4 106 37 172 6 50 53 184 152 42 25 59 28 29 96 43 14 163 169 170 27 172 8 125 163 26 75 49 45 139 74 74 66 178 141 177 121 17 135 89 10 77 88 46 134 110 65 58 107 178 104 77 62 85 164 145 153 150 114 16 132 9 101 106 95 164 165 78 182 129 118 84 173 175 121 37 114 157 71 8 
99 109 34 122 76 96 182 97 51 75 100 149 87 46 136 4 50 37 56 176 119 125 85 167 150 92 6 166 61 101 159 139 161 191 73 174 90 194 179 26 68 149 134 198 145 166 102 179 12 79 44 114 65 161 120 124 57 128 180 44 185 107 52 156 9 86 17 43 154 38 165 24 57 40 129 174 8 198 147 68 4 111 11 136 57 42 43 135 49 175 79 171 195 18 186 74 144 109 48 199 
89 128 130 143 69 144 52 90 103 97 131 35 11 193 2 70 105 123 51 102 154 133 18 136 112 94 149 127 98 175 56 84 148 189 150 98 125 160 170 20 194 52 82 156 72 161 117 56 14 1 83 90 129 173 171 93 114 60 10 184 114 129 159 200 189 120 60 14 4 6 38 89 141 98 189 106 45 139 7 43 21 103 143 58 114 85 132 24 126 151 188 176 133 16 175 150 186 94 87 190 
175 92 77 190 115 191 127 137 62 107 29 185 120 177 60 152 56 119 42 75 161 124 135 12 150 54 132 114 141 178 134 175 178 47 19 126 114 112 133 199 64 12 28 16 181 84 77 129 48 200 176 188 125 62 56 24 185 200 100 145 140 9 154 157 47 188 35 133 125 80 34 46 54 100 157 155 31 67 94 57 13 164 124 198 135 137 18 191 188 106 49 77 98 126 41 59 53 141 18 31 
200 124 50 58 46 5 143 190 41 99 3 179 68 87 152 22 164 82 185 46 176 128 176 172 106 117 174 110 158 127 157 144 119 95 97 169 73 133 85 69 33 103 97 68 136 93 177 182 22 148 105 65 180 70 125 113 82 35 157 50 167 30 174 61 118 109 195 85 157 118 178 45 10 187 139 88 126 26 171 196 147 196 143 131 178 128 52 48 36 51 67 91 75 77 33 112 161 99 53 90 
174 173 59 120 103 60 109 98 169 26 105 66 102 117 70 89 158 81 200 125 30 145 51 140 62 66 84 87 12 149 186 62 119 62 188 76 110 69 4 159 70 73 65 102 138 12 178 15 45 127 70 28 131 186 137 73 101 96 169 157 116 5 79 59 149 61 32 36 146 155 163 42 25 2 21 139 149 36 176 80 2 52 186 57 199 82 34 104 84 194 197 54 131 113 14 61 195 46 69 148 
62 137 46 128 125 67 178 141 130 89 139 97 90 158 128 1 102 91 48 163 182 158 156 103 102 117 157 114 77 21 37 128 112 163 145 173 110 126 140 105 76 55 199 182 97 79 187 63 27 187 41 142 72 70 97 194 97 156 112 140 17 110 173 156 131 46 97 197 153 145 198 129 177 12 40 162 138 44 1 31 44 94 1 63 197 199 170 28 96 114 9 175 161 116 88 181 115 5 177 3 
18 158 77 19 20 169 43 50 121 185 116 141 60 119 58 176 34 70 161 50 120 156 94 17 113 173 84 93 76 189 29 68 124 138 69 17 137 196 11 170 75 34 65 85 71 58 162 61 99 157 91 183 67 37 82 91 6 155 91 146 34 129 58 99 75 41 162 145 179 64 156 85 12 75 139 75 153 156 12 107 74 121 68 127 166 193 57 100 3 156 18 191 129 54 139 45 100 7 160 23 
88 178 34 88 79 176 104 196 158 24 29 22 94 142 55 198 150 77 104 158 173 162 69 120 189 79 76 78 3 24 10 69 147 37 18 94 105 132 178 50 58 75 144 98 33 55 81 81 165 76 26 134 151 98 16 121 162 24 113 161 171 159 45 120 88 62 71 28 45 149 6 11 9 160 185 90 135 2 63 178 153 43 147 184 134 56 190 127 36 150 63 187 1 50 61 13 123 72 22 150 
160 6 24 114 151 75 116 155 45 106 138 103 108 133 144 159 38 56 124 148 47 68 105 40 128 116 142 110 168 15 129 192 189 186 91 91 168 121 181 57 39 170 105 147 116 79 115 40 106 102 78 94 111 126 139 180 77 16 180 33 163 16 150 133 169 134 157 67 161 29 1 127 200 24 102 177 11 12 42 126 135 198 8 112 200 9 17 50 11 148 178 169 168 198 152 74 47 175 40 76 
12 140 123 146 100 158 79 56 79 56 73 6 32 163 109 30 143 72 40 70 55 130 117 171 171 45 20 58 124 55 193 156 198 97 176 173 25 73 126 41 154 200 146 84 153 171 59 60 158 192 155 142 165 23 49 97 152 90 69 50 60 147 188 109 43 104 27 6 192 21 111 9 130 63 155 36 127 176 148 118 178 188 190 132 80 95 138 152 123 121 191 86 41 103 180 181 71 86 136 78 
127 6 184 173 66 2 183 73 46 72 189 193 151 25 134 28 108 14 3 53 25 188 110 2 90 119 190 175 103 63 27 156 42 80 99 96 141 68 35 80 97 125 169 72 74 26 54 84 102 48 49 35 188 66 78 193 153 94 118 168 197 189 152 98 92 87 157 118 177 185 2 76 77 148 198 182 157 75 154 6 170 73 136 14 65 12 28 64 34 90 80 10 38 94 60 173 10 15 138 35 
137 94 200 26 13 154 174 49 86 73 175 6 163 61 60 122 116 48 52 42 51 62 72 99 175 86 122 104 160 196 142 163 97 70 161 46 102 185 62 140 47 183 135 42 125 111 49 195 170 122 96 140 173 69 9 157 42 176 103 105 8 105 148 138 12 150 89 51 140 93 130 36 197 42 64 108 93 61 138 134 93 140 102 130 118 44 128 6 37 144 149 97 41 116 162 29 136 169 125 38 
161 28 61 155 165 37 22 80 15 97 108 77 18 101 89 23 90 144 41 193 42 131 170 71 125 151 138 86 128 131 8 83 92 25 13 39 81 124 11 59 78 1 187 150 54 126 125 144 92 155 32 90 191 188 17 181 168 184 192 171 96 137 175 150 135 112 148 91 199 52 37 57 151 71 187 108 35 5 167 129 9 82 8 78 70 127 183 120 135 97 138 151 148 78 133 178 94 116 175 130 
42 64 95 142 133 8 31 59 159 30 73 69 60 1 7 79 141 145 191 99 150 183 58 94 32 191 78 179 62 187 153 2 181 181 62 77 61 160 148 199 172 60 89 2 98 132 183 43 175 93 45 91 8 110 54 109 56 199 142 159 155 7 160 39 14 86 116 107 42 131 118 69 32 51 147 129 110 127 29 165 167 128 21 36 81 18 79 190 16 42 73 200 16 133 70 51 95 15 15 4 
25 13 161 55 165 87 154 113 109 189 156 65 115 45 180 105 174 191 164 31 28 53 12 66 154 34 48 100 182 85 91 43 157 58 25 131 113 117 82 164 98 148 18 3 166 153 21 79 75 152 144 114 64 123 74 83 108 24 50 148 190 67 10 61 35 149 9 44 126 137 199 142 66 23 137 191 195 175 140 146 163 35 54 125 24 105 16 21 90 28 47 169 195 182 106 165 119 196 142 86 
26 46 109 100 25 129 86 113 96 99 141 141 155 187 27 4 184 66 72 4 130 138 149 102 160 105 14 48 164 73 84 53 80 128 17 10 194 79 61 174 40 2 61 173 6 195 91 9 173 75 192 198 149 173 54 119 107 200 139 154 118 106 103 149 195 124 174 156 73 190 105 9 159 159 79 46 57 184 185 81 25 86 108 92 82 67 47 73 199 192 19 175 2 81 162 35 129 109 129 77 
107 120 199 78 1 95 48 43 39 39 123 9 49 66 22 173 114 79 27 14 184 181 28 26 196 59 35 97 197 87 20 122 60 58 27 121 58 117 162 33 53 170 67 139 145 48 12 51 52 4 32 108 146 113 26 40 143 165 124 85 67 23 21 103 135 104 161 142 102 85 155 132 30 78 94 117 134 102 73 115 121 152 80 173 9 90 127 140 143 161 74 10 151 33 127 7 56 102 181 153 
104 116 54 167 167 175 8 34 2 72 49 97 200 13 136 167 57 140 49 187 98 187 168 164 172 191 47 119 173 8 114 7 126 173 200 31 115 97 4 22 106 121 97 56 139 56 68 37 6 66 107 145 161 57 188 96 40 71 128 91 111 153 62 82 116 84 3 160 175 128 183 78 75 13 76 141 78 5 192 28 188 168 81 177 114 62 144 152 190 61 190 70 76 119 67 104 92 166 117 157 
39 119 101 188 95 185 198 108 46 160 55 46 87 187 64 16 185 150 65 153 138 12 61 189 40 76 157 28 131 7 162 107 14 156 130 118 84 112 172 112 135 77 150 41 91 118 3 106 1 12 187 48 152 160 90 99 14 46 66 154 101 154 92 165 24 41 26 199 132 7 120 62 100 160 185 135 92 157 118 123 79 182 161 72 140 190 24 77 131 47 116 95 134 179 81 97 34 108 56 107 
61 33 8 161 1 157 108 14 62 149 134 6 87 6 136 141 186 113 27 119 11 180 49 189 146 79 196 136 88 47 122 70 81 178 24 86 19 64 19 137 158 194 85 87 179 161 60 75 174 30 47 149 8 66 194 10 53 161 146 57 189 183 58 44 62 47 114 9 190 180 105 37 118 126 73 180 114 108 145 39 61 128 129 34 129 75 118 120 92 173 93 158 30 105 156 74 175 75 148 134 
189 135 131 100 187 31 102 87 14 137 107 83 113 147 116 3 8 52 192 181 113 104 83 44 174 79 142 82 175 98 169 32 85 155 117 83 73 113 166 140 11 37 69 69 167 36 124 19 1 88 171 188 193 125 200 95 130 198 50 74 108 161 126 123 121 150 74 15 45 199 175 129 174 36 37 40 195 78 30 167 65 29 132 74 137 177 94 18 29 89 69 141 73 4 190 61 30 154 32 27 
41 69 20 16 131 185 197 176 193 54 181 75 124 142 151 49 163 127 163 146 4 14 131 167 49 14 13 80 127 68 145 19 146 192 26 125 109 74 25 1 22 22 189 26 29 158 79 87 148 19 122 2 154 32 112 36 18 99 55 25 89 120 82 11 125 59 52 6 40 154 71 151 124 149 82 34 16 83 138 6 9 162 151 31 132 195 39 96 23 159 72 83 103 18 127 183 36 115 126 61 
17 116 105 31 200 141 137 164 59 31 34 52 188 143 111 37 197 122 110 120 60 159 157 59 6 126 75 84 53 131 76 22 76 150 44 3 199 26 181 183 47 16 100 124 27 191 157 31 146 194 151 175 37 119 89 29 138 135 180 44 194 39 99 71 68 2 188 121 67 161 66 173 170 136 124 42 184 61 157 58 31 24 102 136 14 130 161 60 150 3 108 149 1 100 21 161 118 197 21 108 
177 61 117 2 104 92 133 75 113 110 108 50 119 158 105 65 179 20 32 157 62 181 160 26 188 125 1 195 173 140 50 160 6 66 193 156 60 176 124 41 160 61 76 35 14 49 74 30 24 9 178 100 183 176 123 79 137 199 160 183 70 105 41 65 180 173 34 109 59 120 149 34 187 150 52 120 25 5 110 81 33 15 171 92 181 98 91 88 67 93 184 130 124 113 36 27 193 121 28 122 
120 168 140 121 13 158 149 165 116 126 145 135 122 119 95 83 3 21 154 130 133 35 132 144 4 104 40 67 127 179 180 174 112 75 101 2 73 176 181 96 26 88 199 149 7 23 139 42 61 54 93 127 173 22 104 108 49 185 16 132 196 134 133 118 191 119 131 153 157 104 6 195 79 39 99 110 116 98 82 79 16 121 200 141 22 25 1 3 16 90 18 26 51 38 91 134 72 183 19 26 
52 155 103 138 41 142 99 70 157 21 17 158 72 186 38 143 20 57 65 72 69 94 16 193 39 160 19 137 199 158 121 145 26 157 137 179 25 163 105 89 78 51 42 35 64 53 93 121 194 121 118 40 147 144 71 125 158 135 120 140 25 113 89 139 10 176 138 80 102 120 66 19 195 56 59 121 61 6 7 71 30 21 92 127 126 22 50 42 179 80 22 82 193 45 63 83 82 59 69 85 
97 123 105 104 1 177 88 61 74 17 105 69 27 10 142 177 115 186 183 69 25 198 1 145 156 132 102 117 125 55 110 184 9 174 132 29 98 73 123 123 116 65 63 128 181 148 160 153 78 65 72 88 142 46 174 99 46 67 163 45 159 138 42 35 39 62 125 109 59 181 178 62 54 44 188 138 152 85 22 124 162 175 130 57 85 59 96 20 82 166 146 135 92 159 76 74 10 111 113 108 
24 40 104 11 101 148 37 105 120 27 84 165 187 192 137 43 130 17 59 161 69 129 167 111 40 171 104 59 108 77 179 22 150 135 9 118 173 54 6 136 17 10 55 129 103 48 105 10 137 85 187 174 138 88 101 2 119 57 34 40 81 100 137 7 63 101 42 18 73 111 27 51 143 157 130 156 95 75 29 146 182 34 117 135 38 14 113 66 61 190 31 85 134 152 109 123 25 6 182 124 
173 89 192 54 70 56 194 194 57 133 90 72 13 84 44 191 156 105 95 93 142 165 82 31 126 44 68 159 22 39 41 175 118 137 160 142 26 160 129 94 137 25 44 142 1 144 5 35 40 67 99 166 86 82 31 18 110 174 18 133 147 59 120 9 192 147 168 197 55 160 165 148 170 13 7 154 120 153 2 175 160 162 25 105 193 58 3 178 82 81 107 123 141 38 189 3 46 67 12 25 
177 124 105 74 193 99 38 111 141 84 137 62 118 120 52 27 27 24 41 186 165 200 122 28 167 189 54 140 132 37 24 149 12 25 114 146 114 73 119 17 181 44 141 117 182 114 185 126 89 57 45 175 52 168 4 44 68 84 111 118 119 116 192 173 53 179 123 192 31 17 52 124 18 134 131 183 189 189 76 72 37 96 115 61 90 30 117 39 138 13 74 118 11 86 55 53 54 52 200 114 
191 32 98 196 33 5 46 9 118 51 121 147 116 106 184 23 75 100 73 178 139 47 109 191 155 85 146 57 76 10 37 34 172 130 164 102 54 29 2 55 174 96 91 29 162 1 183 122 181 63 60 151 21 75 131 15 20 127 69 22 91 73 55 117 106 171 64 45 165 67 163 140 33 90 175 169 60 84 76 185 41 91 185 68 139 199 41 71 177 158 164 22 32 36 17 166 110 31 152 92 
130 138 45 118 130 132 10 68 60 196 28 153 142 44 157 124 32 55 114 182 31 79 106 143 77 47 63 138 100 82 169 41 90 55 29 182 133 82 69 144 111 119 146 150 93 45 4 3 98 37 42 30 57 174 52 28 159 119 117 93 111 80 71 64 55 197 111 43 111 151 103 115 74 97 162 188 157 84 162 61 164 64 37 76 140 47 14 153 67 183 144 162 187 69 157 11 38 56 157 159 
196 177 74 191 151 61 168 22 191 28 154 71 122 17 111 163 35 14 172 107 19 20 83 86 109 196 81 143 123 117 101 15 31 58 195 58 180 71 121 72 10 144 145 11 8 158 133 128 3 47 137 124 85 1 98 36 169 90 29 105 123 55 138 166 77 8 166 23 59 68 24 104 16 62 187 79 129 147 130 95 80 190 35 82 171 106 42 58 66 116 14 188 32 35 72 185 137 29 63 114 
34 127 81 184 77 80 28 118 107 178 67 155 36 119 132 7 155 172 78 82 53 68 183 140 8 68 52 60 199 22 178 88 59 124 8 165 150 3 72 92 49 50 115 65 46 157 161 41 151 58 82 120 5 199 110 157 5 6 8 98 101 31 2 27 36 80 26 130 143 91 58 29 55 28 102 53 200 22 70 107 197 177 98 121 183 153 45 67 85 62 147 96 100 148 20 121 103 135 74 196 
99 140 79 133 33 142 96 58 47 84 62 194 136 60 75 129 86 166 177 154 130 23 158 154 75 57 196 21 18 11 125 135 150 146 75 137 11 188 37 173 14 188 78 192 27 199 88 20 183 122 134 127 178 118 71 51 36 9 13 107 96 66 149 150 53 81 106 131 169 9 170 114 145 82 114 3 92 191 21 117 126 129 88 20 15 86 161 120 155 74 13 135 125 72 184 62 140 13 119 9 
88 177 10 156 53 186 126 85 86 23 175 33 165 111 26 191 95 164 80 189 109 47 86 5 148 184 105 27 190 25 184 54 186 57 194 184 150 152 118 124 61 124 161 123 91 7 65 51 100 50 72 69 53 187 53 137 19 150 53 32 192 147 63 46 180 28 52 170 63 40 77 163 108 145 7 81 154 87 41 148 148 63 46 149 96 19 174 144 133 199 63 138 53 77 121 93 130 174 46 5 
29 142 144 126 137 50 29 188 38 177 118 175 82 156 77 153 98 108 12 141 6 62 195 61 170 5 49 48 136 188 156 22 67 78 115 122 127 92 168 115 108 106 75 70 194 183 34 140 46 152 101 68 58 40 125 20 74 45 44 49 98 1 24 1 182 172 178 33 130 107 195 16 96 15 189 79 103 76 167 179 176 196 59 89 92 192 74 60 98 58 95 142 165 66 72 81 49 123 8 89 
78 25 122 120 77 162 17 173 63 110 186 106 37 12 155 104 154 74 13 65 37 136 164 10 43 18 15 67 129 105 131 76 15 68 2 190 120 24 16 28 109 1 190 156 1 52 24 149 151 51 146 150 40 27 151 169 9 198 41 107 154 24 21 72 113 160 109 7 44 173 113 96 141 74 32 142 103 23 32 141 15 102 117 112 175 119 86 151 68 88 107 44 158 53 58 24 64 8 25 15 
45 53 158 157 59 164 155 43 196 179 149 74 6 152 163 83 29 120 195 144 158 127 72 139 28 108 200 1 32 64 106 130 113 91 93 159 67 99 139 192 115 27 100 162 112 4 15 58 158 146 107 89 77 173 164 43 190 33 57 45 37 157 186 59 81 93 184 11 145 12 44 73 25 162 1 120 154 38 109 178 87 96 50 20 83 150 196 65 56 144 51 90 35 146 95 118 76 134 75 156 
129 67 195 82 169 22 159 152 166 163 98 175 108 96 4 119 78 150 90 81 95 133 200 66 22 43 133 57 83 177 68 30 47 43 163 174 200 145 4 31 145 134 17 76 176 76 108 13 64 162 12 135 127 28 12 107 18 69 62 62 165 52 109 77 151 168 200 138 57 32 138 15 127 84 6 182 15 18 39 178 15 54 126 86 43 49 5 16 4 124 32 90 156 145 155 141 21 6 14 113 
145 135 70 182 20 152 173 144 142 180 129 195 61 180 186 91 80 47 157 173 54 130 38 168 4 93 2 146 13 2 2 161 35 2 19 38 76 86 83 55 33 199 46 162 200 114 158 1 137 124 105 47 141 53 28 69 178 172 38 81 115 24 15 3 76 13 151 141 164 155 123 7 195 119 130 197 75 20 197 117 115 170 85 48 5 193 7 21 185 2 50 156 59 66 81 6 96 164 68 46 
182 106 145 116 121 88 96 14 57 125 28 123 89 62 141 14 51 41 58 75 62 163 83 65 105 102 69 20 186 99 7 134 23 8 194 185 118 150 21 179 176 81 30 143 8 117 44 44 137 33 89 164 149 91 77 131 138 104 6 34 134 118 36 143 28 168 152 11 151 181 61 79 43 61 159 36 83 97 87 174 4 38 80 124 57 102 100 134 72 83 136 27 49 152 135 135 135 54 25 29 
79 192 156 198 142 12 91 62 39 79 66 152 65 107 68 190 70 127 92 95 40 35 31 76 87 175 155 80 38 143 97 84 139 69 109 45 12 171 6 59 119 75 49 126 50 21 72 31 186 116 32 88 63 85 88 73 91 5 197 56 163 143 67 52 22 14 149 62 131 117 165 125 40 17 96 29 173 23 48 138 30 183 61 199 167 84 94 45 114 55 169 82 28 64 10 33 69 105 32 31 
158 14 3 161 61 44 146 143 132 61 25 157 24 54 143 166 45 173 61 37 103 34 27 106 155 128 133 94 140 24 58 75 73 139 77 170 147 50 60 146 45 76 62 18 124 187 82 171 142 75 34 133 135 72 110 37 118 3 125 95 102 128 135 118 112 175 182 189 46 174 82 145 122 31 75 85 109 83 57 161 44 27 24 57 149 126 48 165 7 76 80 154 95 77 114 52 71 103 58 86 
65 131 120 144 161 99 37 27 48 2 185 69 149 31 59 4 166 88 99 96 100 7 105 137 76 99 168 41 194 190 93 8 8 62 17 91 133 139 22 104 144 84 47 161 75 190 159 50 53 74 195 113 40 89 188 1 177 38 85 2 125 113 83 32 8 68 10 62 1 171 44 152 42 5 132 146 172 161 137 49 183 79 142 91 126 109 126 117 89 2 53 105 52 74 9 98 173 79 143 86 
171 168 82 158 186 121 7 101 98 110 164 155 175 109 55 125 44 79 98 178 33 171 83 116 11 72 122 177 82 12 132 30 118 101 45 7 98 139 90 197 11 121 4 20 194 166 65 64 149 28 188 44 76 53 141 54 86 180 123 66 196 151 53 98 13 39 32 143 65 113 170 22 130 5 94 90 180 128 9 185 181 88 129 78 158 179 45 75 18 164 38 81 150 108 45 150 62 49 39 113 
81 69 11 132 146 22 61 158 24 13 130 141 39 117 27 69 61 179 103 103 1 196 57 81 181 31 25 142 148 23 86 194 62 37 153 147 121 193 197 119 34 154 66 103 193 58 200 133 58 63 25 111 56 191 176 111 36 171 101 174 83 38 10 69 109 3 120 144 170 33 66 191 103 68 3 106 150 128 84 113 12 52 125 93 19 73 53 103 104 158 21 58 71 122 22 7 194 116 147 174 
193 74 33 27 3 37 18 45 194 141 57 158 53 30 145 79 174 79 182 108 124 186 60 71 76 109 190 92 96 77 127 80 185 153 61 47 185 42 131 49 57 37 157 144 121 97 118 192 150 164 158 35 45 197 200 40 198 109 23 47 12 152 184 164 96 137 26 14 117 31 42 179 47 154 171 122 61 89 59 68 141 140 113 71 86 129 139 65 161 102 76 118 113 1 145 69 17 183 124 77 
12 183 42 96 56 139 96 121 188 90 139 23 177 164 172 198 148 76 186 78 49 195 33 138 123 30 112 24 120 166 168 104 2 24 97 42 176 145 47 16 195 88 33 181 84 160 90 2 195 40 160 27 10 80 130 170 56 74 71 63 25 187 89 138 154 173 153 7 163 98 116 149 62 47 122 195 59 178 127 87 70 106 59 5 168 130 76 160 9 185 187 56 168 73 36 48 169 153 182 2 
29 82 91 138 8 114 186 20 43 24 16 10 137 62 77 46 135 92 58 185 77 198 72 149 41 132 115 141 146 74 86 15 98 59 176 99 5 199 29 99 190 38 103 31 161 88 147 132 139 194 88 56 165 87 161 20 144 177 28 70 58 138 27 139 150 44 56 197 18 24 38 198 194 143 26 138 154 139 144 98 56 25 146 106 128 62 4 112 161 171 170 167 5 54 2 152 61 30 126 188 
19 155 10 129 17 135 29 78 7 101 50 108 146 141 5 3 56 8 51 166 168 14 154 100 165 34 167 196 188 135 119 180 131 162 29 46 121 99 66 80 117 89 19 30 158 136 156 78 73 50 18 128 57 63 95 128 145 58 102 161 189 115 142 168 127 50 115 34 189 126 79 115 15 106 88 180 86 97 68 96 168 62 15 59 72 2 141 72 163 146 99 189 173 4 103 61 34 167 200 2 
16 181 167 148 1 70 157 163 31 177 191 173 200 33 149 188 49 130 152 167 71 62 73 107 49 73 6 38 168 37 143 73 40 139 191 95 89 135 70 181 174 182 195 96 150 31 87 94 41 147 61 154 90 138 197 24 107 75 191 104 199 120 125 186 128 84 10 7 144 26 30 200 109 3 115 6 110 155 106 29 130 49 158 197 8 114 67 158 72 128 79 111 16 4 174 147 60 141 148 122 
197 27 154 167 129 93 12 91 43 27 130 93 41 9 50 172 156 185 86 75 77 140 17 151 50 60 21 128 79 1 161 65 130 86 62 150 127 39 48 34 58 162 26 82 18 87 74 10 178 5 132 57 92 50 186 91 143 190 88 19 167 133 165 3 155 7 198 74 193 94 37 160 182 3 87 97 178 78 12 91 55 112 183 38 3 30 100 192 43 28 161 50 151 196 173 186 21 178 14 21 
141 37 151 9 107 100 150 116 11 122 99 53 7 159 100 157 28 93 21 169 155 92 181 31 139 186 44 19 35 75 97 37 61 64 144 160 102 183 72 185 11 55 123 90 45 55 94 138 85 122 112 83 58 96 48 80 23 180 39 1 186 53 140 52 63 28 46 34 11 121 44 75 108 90 137 71 118 162 107 146 152 193 162 130 53 189 54 184 119 61 193 185 22 70 195 112 53 180 124 74 
85 7 197 198 75 119 47 159 37 189 85 95 123 79 94 41 144 184 10 115 127 154 174 103 194 80 58 148 141 13 47 102 25 155 150 142 93 145 172 39 119 172 153 55 64 192 48 13 174 83 153 150 171 78 146 6 186 137 12 181 82 138 25 175 74 170 68 72 76 12 73 91 143 58 99 157 149 102 92 82 99 18 7 195 63 165 137 27 11 43 126 77 87 127 24 172 173 152 139 150 
78 125 108 182 122 133 87 180 21 7 167 60 77 187 32 112 151 148 168 114 169 163 28 49 50 193 32 135 38 152 110 198 38 199 56 13 148 80 200 155 107 23 52 94 189 25 183 47 31 62 42 174 87 53 82 182 174 115 83 93 88 16 75 67 63 86 65 4 151 110 51 195 181 121 111 36 25 56 25 6 51 72 44 140 42 21 180 111 142 122 79 18 183 43 132 121 15 175 171 54 
130 53 76 145 166 89 76 108 197 115 106 40 127 93 104 160 61 79 101 160 80 65 95 193 136 124 110 140 57 141 43 104 191 79 143 2 26 140 88 152 180 48 30 138 95 106 4 141 5 23 122 133 143 189 168 119 22 177 116 80 24 93 140 197 10 129 200 49 77 93 94 76 19 89 1 150 88 74 124 176 29 137 111 130 31 8 44 127 54 148 156 154 106 178 3 147 168 176 130 25 
66 105 147 126 165 163 54 42 92 177 2 29 74 96 104 100 4 121 145 86 124 90 16 132 34 49 106 68 93 198 106 113 63 67 49 40 135 162 10 32 120 12 164 47 31 34 72 166 154 33 3 112 43 31 13 196 148 68 143 4 172 24 36 34 87 111 70 62 188 51 121 38 72 70 149 131 153 161 45 59 45 158 148 177 56 135 175 117 59 186 29 25 138 42 76 177 46 186 141 21 
89 144 47 175 17 11 153 28 131 195 73 113 145 4 82 20 14 142 74 91 5 52 17 196 18 199 29 59 144 167 179 153 26 13 200 103 61 176 77 199 50 34 145 99 34 54 104 149 49 8 193 154 181 105 150 108 40 189 148 170 161 155 138 166 178 176 39 187 66 200 188 192 138 171 176 6 156 152 146 106 71 129 153 143 23 138 128 155 34 191 141 140 165 73 40 127 21 188 129 101 
186 104 42 139 126 74 140 28 27 191 53 61 73 44 166 132 23 93 147 14 113 144 172 180 16 173 89 161 104 45 50 179 139 35 12 83 58 51 191 67 179 78 36 179 190 47 44 39 137 149 164 193 108 38 173 126 31 4 199 64 95 126 117 88 135 150 172 45 19 162 22 101 64 121 179 119 127 12 143 187 137 159 78 119 93 67 91 190 124 193 168 7 149 197 200 32 116 188 48 92 

0 2 2 21 36 20 18 0 14 14 0 4 3 0 19 8 0 19 14 2 0 43 17 4 1 0 1 1 2 29 3 14 14 2 2 2 2 1 36 1 1 21 4 0 24 4 53 0 3 4 3 4 13 27 8 16 21 3 20 12 1 0 32 0 24 13 4 25 21 2 32 0 0 2 14 3 23 29 2 26 4 3 15 2 18 12 12 1 2 3 2 2 14 16 3 15 1 19 0 1 
2 0 39 21 40 2 0 19 2 0 20 0 12 4 18 23 0 16 38 4 55 1 1 2 23 16 4 3 22 21 30 4 61 12 14 4 42 1 12 1 27 16 14 2 14 4 38 2 16 4 38 2 1 4 23 4 14 3 15 3 20 1 12 22 16 0 19 1 15 18 20 20 12 13 0 4 41 4 16 24 12 28 29 15 12 0 4 12 1 3 39 0 2 34 4 14 14 0 0 2 
2 39 0 18 4 14 3 14 2 3 52 3 21 3 1 1 13 1 3 1 17 0 0 1 1 12 15 3 3 18 1 4 1 1 16 2 8 13 17 3 0 0 24 16 0 2 18 15 15 15 21 3 2 0 2 2 2 28 0 14 16 3 4 17 4 0 1 3 1 2 1 15 1 16 3 0 4 14 21 0 0 22 28 15 1 3 4 28 1 4 3 0 2 4 14 3 15 1 23 0 
21 21 18 0 24 22 1 52 3 13 14 13 3 16 4 4 13 12 12 21 20 2 2 4 13 2 0 2 1 0 43 14 15 3 12 14 20 4 14 12 35 16 20 20 4 4 3 2 61 3 58 1 28 0 1 0 23 12 8 16 12 23 3 2 38 15 1 12 12 2 20 3 0 0 16 0 24 20 2 22 3 1 29 2 13 15 2 29 2 13 46 1 18 21 19 14 3 1 3 1 
36 40 4 24 0 27 2 3 1 4 39 3 1 12 1 21 2 1 1 2 2 16 14 1 0 1 0 1 16 12 12 1 13 1 4 12 4 3 15 4 22 13 35 4 20 3 32 2 4 2 2 4 20 2 15 13 2 0 16 4 4 1 1 1 3 12 2 4 4 41 18 4 3 1 2 2 14 3 4 0 2 4 3 1 12 27 17 22 3 29 2 0 4 39 0 16 2 2 4 4 
20 2 14 22 27 0 4 16 3 0 0 2 26 20 13 2 2 14 51 21 18 4 1 0 2 19 13 22 28 23 4 4 19 15 15 4 21 26 14 17 12 3 14 12 41 16 4 14 2 14 16 12 26 0 30 1 23 16 14 0 2 15 1 28 21 1 31 4 27 23 23 28 2 23 0 13 20 24 2 26 4 33 12 24 15 12 15 3 12 30 30 4 2 2 20 3 24 28 16 15 
18 0 3 1 2 4 0 3 23 2 0 22 1 2 19 14 21 17 17 49 1 21 15 0 29 35 4 3 23 1 0 8 2 18 0 16 0 0 0 47 1 2 4 2 16 2 4 0 3 1 3 3 12 23 16 20 12 0 15 16 3 4 22 0 4 30 2 1 32 23 0 2 4 1 8 4 1 2 0 20 3 0 4 3 14 15 4 2 3 4 0 4 19 4 0 14 4 2 3 3 
0 19 14 52 3 16 3 0 4 3 34 3 0 1 20 0 12 0 31 2 21 17 3 13 2 15 2 3 4 13 2 4 40 2 18 0 15 0 15 1 4 4 15 39 4 2 14 2 15 2 14 16 1 2 4 0 1 20 18 1 14 2 1 15 0 1 15 1 2 29 0 8 16 22 2 13 3 34 3 2 13 14 23 4 3 3 4 8 3 46 15 2 12 4 14 4 13 16 15 0 
14 2 2 3 1 3 23 4 0 3 18 12 1 15 16 49 2 20 2 17 0 12 8 3 16 2 3 3 33 0 3 23 13 14 0 24 4 2 3 13 4 14 4 1 53 0 25 4 4 4 4 3 13 8 3 13 14 4 19 26 1 12 2 3 17 4 4 15 24 16 2 1 3 1 12 4 1 3 2 3 0 3 0 3 27 4 23 3 2 2 3 0 28 36 1 12 3 36 2 4 
14 0 3 13 4 0 2 3 3 0 1 14 4 8 13 14 2 26 24 3 1 39 12 0 14 0 1 2 30 13 20 14 1 4 1 13 3 0 2 0 12 2 2 2 12 1 21 0 2 4 3 2 20 29 1 18 0 0 20 2 2 15 2 0 48 13 3 8 15 20 3 4 1 1 3 2 1 15 1 37 0 4 4 2 36 13 24 1 4 14 2 2 14 1 2 31 1 1 0 0 
0 20 52 14 39 0 0 34 18 1 0 1 15 13 1 1 3 15 21 16 16 16 21 0 14 16 2 1 20 12 26 1 23 3 25 3 33 1 12 4 24 2 17 16 26 4 0 1 42 1 31 4 14 16 39 4 12 14 0 21 12 2 0 4 21 15 1 2 15 37 24 18 14 14 12 2 37 16 4 21 2 29 12 12 0 15 1 3 4 16 24 0 13 47 24 2 0 28 2 0 
4 0 3 13 3 2 22 3 12 14 1 0 4 4 19 4 3 21 24 4 2 19 37 2 14 3 3 2 46 1 1 8 13 13 2 8 3 1 2 3 2 18 3 3 33 1 13 1 2 3 1 2 1 15 22 23 3 0 1 38 4 43 2 1 18 0 1 8 15 19 2 1 3 2 4 4 2 26 1 20 3 0 2 4 12 2 13 4 1 4 3 2 50 0 4 16 2 0 4 4 
3 12 21 3 1 26 1 0 1 4 15 4 0 1 0 0 14 2 3 3 14 16 4 4 1 13 1 3 0 40 1 3 2 4 14 0 31 32 16 3 4 1 12 22 1 20 28 2 13 15 1 16 3 2 3 2 3 23 0 14 2 0 2 12 4 0 42 1 0 42 27 29 0 24 2 22 1 3 14 1 0 2 27 8 0 4 3 14 18 4 2 1 2 4 45 1 1 16 27 4 
0 4 3 16 12 20 2 1 15 8 13 4 1 0 46 13 3 1 30 1 0 19 15 1 0 4 2 1 20 31 14 12 1 0 0 15 3 0 3 3 1 0 3 4 24 0 3 2 3 4 4 4 24 0 16 20 15 1 42 0 2 27 14 3 20 4 0 18 22 32 2 3 3 2 3 3 15 13 2 21 2 1 1 3 12 29 4 3 0 15 4 2 1 15 1 13 2 3 2 3 
19 18 1 4 1 13 19 20 16 13 1 19 0 46 0 15 13 1 15 16 15 0 13 0 0 31 3 1 21 1 26 4 14 2 37 21 4 2 34 14 38 12 22 28 14 0 3 4 13 1 17 3 22 27 1 26 18 15 20 28 16 29 20 1 35 15 23 13 20 22 20 86 4 3 14 0 20 23 4 15 4 15 42 0 8 1 12 17 2 2 13 2 15 39 67 12 1 22 2 0 
8 23 1 4 21 2 14 0 49 14 1 4 0 13 15 0 2 23 12 28 3 19 8 1 22 13 2 3 2 3 14 4 15 12 0 1 0 3 4 13 25 16 0 3 27 3 12 1 1 3 3 3 0 3 16 4 2 0 16 43 24 4 14 3 34 8 2 4 12 19 27 2 0 2 12 1 12 16 2 13 2 4 2 2 2 18 35 0 0 4 2 2 22 1 1 14 4 66 4 3 
0 0 13 13 2 2 21 12 2 2 3 3 14 3 13 2 0 27 1 2 0 14 0 2 28 8 3 36 39 15 3 0 1 29 0 1 3 14 12 28 0 49 1 13 44 15 4 26 3 12 2 27 3 1 0 2 1 27 2 4 12 4 54 16 20 15 4 3 4 14 24 4 8 3 27 22 2 0 1 14 26 31 13 1 18 2 2 24 3 0 0 15 13 3 21 2 20 14 4 20 
19 16 1 12 1 14 17 0 20 26 15 21 2 1 1 23 27 0 24 1 0 29 17 2 3 12 0 0 34 22 13 37 4 20 1 37 3 4 21 18 27 8 1 3 1 1 31 1 1 19 3 1 16 1 13 22 4 67 3 21 61 12 12 4 14 14 0 22 3 15 26 2 16 3 21 1 4 13 3 15 12 4 4 2 0 16 4 4 4 16 2 13 4 3 13 8 3 59 4 4 
14 38 3 12 1 51 17 31 2 24 21 24 3 30 15 12 1 24 0 12 2 0 19 4 2 0 3 4 1 29 23 20 2 16 16 20 3 0 27 20 16 31 55 16 12 4 17 1 2 2 1 4 24 23 25 4 2 4 26 28 0 16 4 4 1 16 3 16 4 15 25 44 4 3 32 3 17 14 4 14 4 1 13 0 20 15 19 29 4 19 4 2 12 16 47 13 1 1 1 3 
2 4 1 21 2 21 49 2 17 3 16 4 3 1 16 28 2 1 12 0 1 29 16 42 13 1 2 18 15 15 0 33 0 26 15 18 3 2 21 44 1 13 0 4 3 3 3 40 13 34 0 1 4 20 4 46 4 33 16 2 20 4 38 3 2 46 2 4 15 29 2 4 16 15 41 29 1 1 4 12 52 26 17 3 14 23 1 14 14 0 4 24 8 0 18 29 4 12 13 29 
0 55 17 20 2 18 1 21 0 1 16 2 14 0 15 3 0 0 2 1 0 2 1 3 3 3 4 15 3 20 4 1 3 0 3 3 20 22 22 4 0 0 37 2 1 2 15 0 1 15 13 3 0 2 3 1 4 1 27 1 15 2 2 4 1 3 19 1 0 29 24 28 14 1 1 3 2 21 13 0 21 1 15 15 1 2 3 26 20 4 26 19 2 3 16 2 16 13 50 0 
43 1 0 2 16 4 21 17 12 39 16 19 16 19 0 19 14 29 0 29 2 0 33 23 4 22 25 3 12 16 13 1 0 4 25 29 1 21 2 3 16 20 25 27 12 41 21 16 12 29 12 12 13 47 35 14 14 32 27 19 15 29 4 2 33 1 15 31 16 16 46 45 23 58 19 0 17 3 23 22 15 44 12 17 21 47 39 0 24 27 4 25 8 14 4 27 35 3 35 16 
17 1 0 2 14 1 15 3 8 12 21 37 4 15 13 8 0 17 19 16 1 33 0 0 21 4 2 3 13 15 16 1 0 24 2 14 3 1 0 3 13 17 4 1 38 1 16 2 2 0 1 2 3 4 16 4 26 3 14 43 15 21 14 1 13 3 4 16 13 23 15 3 0 2 31 2 15 0 4 4 0 0 1 3 35 14 12 3 1 4 4 0 51 21 3 38 2 38 0 0 
4 2 1 4 1 0 0 13 3 0 0 2 4 1 0 1 2 2 4 42 3 23 0 0 44 25 8 15 0 22 3 2 3 21 14 1 2 13 2 24 2 3 2 3 0 0 23 16 1 21 16 0 4 0 4 1 3 21 2 27 22 0 4 0 14 4 26 1 3 13 15 4 17 20 1 25 2 1 2 2 31 1 3 2 4 0 1 3 23 3 0 0 18 2 12 4 35 38 20 8 
1 23 1 13 0 2 29 2 16 14 14 14 1 0 0 22 28 3 2 13 3 4 21 44 0 21 4 4 13 4 1 27 0 13 3 16 0 2 35 28 3 14 14 2 22 4 18 20 3 15 4 2 23 0 12 33 13 0 14 4 27 14 32 4 25 21 4 20 13 3 20 12 74 3 24 14 2 35 1 3 56 12 25 2 14 16 22 22 2 2 1 14 13 1 3 37 1 1 2 32 
0 16 12 2 1 19 35 15 2 0 16 3 13 4 31 13 8 12 0 1 3 22 4 25 21 0 20 26 34 3 4 30 0 30 1 3 3 13 3 26 4 65 19 16 22 14 0 13 4 14 17 21 2 3 4 13 4 16 13 13 24 3 38 18 3 68 22 3 1 19 24 1 21 21 41 43 1 2 1 15 16 24 15 13 31 2 0 3 16 0 0 36 14 1 0 28 15 19 17 40 
1 4 15 0 0 13 4 2 3 1 2 3 1 2 3 2 3 0 3 2 4 25 2 8 4 20 0 1 29 1 2 1 2 0 4 4 12 47 23 14 0 0 13 21 29 17 37 26 16 35 1 2 2 3 0 2 3 12 4 31 21 1 3 0 3 4 28 3 4 20 14 2 17 26 2 0 3 0 1 2 2 2 13 16 1 1 0 22 15 0 0 15 40 2 21 1 29 44 35 36 
1 3 3 2 1 22 3 3 3 2 1 2 3 1 1 3 36 0 4 18 15 3 3 15 4 26 1 0 2 3 4 3 4 2 19 3 12 28 27 23 2 2 1 14 0 13 14 18 16 1 1 8 3 0 1 3 0 27 3 21 12 1 0 25 2 0 1 1 0 2 16 2 39 13 3 8 2 0 12 2 12 20 34 3 1 4 0 12 1 0 4 0 18 4 22 1 13 28 15 20 
2 22 3 1 16 28 23 4 33 30 20 46 0 20 21 2 39 34 1 15 3 12 13 0 13 34 29 2 0 44 22 25 15 14 1 24 0 2 13 20 16 17 12 1 25 0 21 14 0 32 2 0 14 27 13 0 19 77 1 0 54 27 12 1 19 16 3 15 13 12 31 0 41 0 19 4 18 15 3 26 23 3 34 3 21 1 41 4 15 12 2 28 20 23 16 14 1 23 1 15 
29 21 18 0 12 23 1 13 0 13 12 1 40 31 1 3 15 22 29 15 20 16 15 22 4 3 1 3 44 0 14 0 23 13 25 4 25 2 1 16 20 2 14 30 19 22 33 20 25 0 23 14 69 20 21 0 61 18 13 18 31 52 1 63 3 14 39 0 40 23 1 0 20 14 1 3 37 14 29 12 21 21 3 54 19 35 32 16 13 15 34 14 4 43 13 15 12 16 38 13 
3 30 1 43 12 4 0 2 3 20 26 1 1 14 26 14 3 13 23 0 4 13 16 3 1 4 2 4 22 14 0 15 14 12 3 23 0 3 1 2 8 1 2 0 0 0 0 1 4 4 2 2 40 2 0 2 14 1 28 0 4 23 30 2 20 4 0 2 20 19 2 1 0 1 1 4 23 24 0 2 1 1 0 4 15 14 0 12 1 26 4 3 2 13 3 12 0 2 4 1 
14 4 4 14 1 4 8 4 23 14 1 8 3 12 4 4 0 37 20 33 1 1 1 2 27 30 1 3 25 0 15 0 17 51 4 20 2 1 3 26 15 42 0 0 19 4 1 3 3 1 4 0 22 13 0 8 0 0 15 12 1 14 21 3 19 25 1 24 1 1 0 4 0 1 22 2 2 2 0 13 0 4 2 1 1 16 0 2 4 0 4 0 42 3 2 4 1 0 0 4 
14 61 1 15 13 19 2 40 13 1 23 13 2 1 14 15 1 4 2 0 3 0 0 3 0 0 2 4 15 23 14 17 0 0 3 2 4 3 12 1 12 1 67 3 15 1 15 2 13 1 1 0 13 3 15 16 23 4 15 20 2 15 16 1 2 4 3 21 14 13 2 2 3 3 16 3 13 13 0 36 1 4 2 0 18 33 15 57 1 14 2 1 13 16 15 3 3 4 1 1 
2 12 1 3 1 15 18 2 14 4 3 13 4 0 2 12 29 20 16 26 0 4 24 21 13 30 0 2 14 13 12 51 0 0 2 23 2 0 12 1 1 8 2 0 20 4 35 31 3 16 4 0 21 1 4 32 13 24 15 1 29 0 16 4 13 20 3 12 4 2 32 1 43 4 0 12 14 0 0 22 38 2 14 2 27 15 3 4 0 15 1 0 3 4 12 12 4 38 1 4 
2 14 16 12 4 15 0 18 0 1 25 2 14 0 37 0 0 1 16 15 3 25 2 14 3 1 4 19 1 25 3 4 3 2 0 0 15 21 2 16 4 2 27 8 2 13 37 12 8 24 16 13 1 4 3 1 2 16 76 16 14 0 1 14 16 0 19 0 3 23 0 20 13 19 4 0 2 18 14 4 4 8 16 12 23 3 0 12 2 1 0 1 18 1 2 4 16 15 2 14 
2 4 2 14 12 4 16 0 24 13 3 8 0 15 21 1 1 37 20 18 3 29 14 1 16 3 4 3 24 4 23 20 2 23 0 0 2 0 2 3 3 22 4 1 31 0 16 0 3 4 1 2 14 14 19 16 2 2 13 14 3 3 13 0 13 3 0 32 14 2 3 4 1 2 1 3 1 14 2 19 1 3 2 3 22 27 4 2 3 20 3 1 28 1 0 2 3 2 2 0 
2 42 8 20 4 21 0 15 4 3 33 3 31 3 4 0 3 3 3 3 20 1 3 2 0 3 12 12 0 25 0 2 4 2 15 2 0 4 0 2 1 1 28 28 1 3 13 4 20 15 3 14 0 3 4 4 1 1 12 1 1 1 1 13 2 1 14 4 1 16 12 20 4 20 4 0 4 1 2 1 22 20 29 1 4 0 1 40 12 1 15 16 4 4 20 1 1 3 3 2 
1 1 13 4 3 26 0 0 2 0 1 1 32 0 2 3 14 4 0 2 22 21 1 13 2 13 47 28 2 2 3 1 3 0 21 0 4 0 20 23 1 3 22 1 16 0 14 3 21 2 3 22 4 0 4 3 3 19 2 33 41 1 2 4 1 1 1 2 4 3 21 0 16 2 3 16 4 0 8 4 3 21 14 16 2 2 3 2 8 3 15 23 35 1 12 1 3 35 26 12 
36 12 17 14 15 14 0 15 3 2 12 2 16 3 34 4 12 21 27 21 22 2 0 2 35 3 23 27 13 1 1 3 12 12 2 2 0 20 0 15 1 12 13 20 27 41 26 2 15 19 22 2 18 3 0 2 2 24 18 4 20 1 1 16 17 3 14 2 1 19 25 20 20 3 3 26 1 12 33 75 14 13 15 31 79 48 26 20 26 14 20 3 2 0 14 3 14 28 19 21 
1 1 3 12 4 17 47 1 13 0 4 3 3 3 14 13 28 18 20 44 4 3 3 24 28 26 14 23 20 16 2 26 1 1 16 3 2 23 15 0 0 40 4 4 3 2 40 28 15 23 2 15 3 3 12 27 4 1 35 25 4 2 38 2 1 43 3 2 1 16 0 19 1 14 39 22 4 12 4 24 1 26 25 12 3 14 1 24 19 0 16 14 1 2 26 16 12 19 1 28 
1 27 0 35 22 12 1 4 4 12 24 2 4 1 38 25 0 27 16 1 0 16 13 2 3 4 0 2 16 20 8 15 12 1 4 3 1 1 1 0 0 3 22 4 13 2 14 3 2 1 0 4 3 15 13 4 14 4 28 0 0 21 16 0 28 12 1 13 17 16 1 1 0 2 2 3 0 31 2 4 4 1 0 0 16 16 13 2 0 21 1 0 3 16 2 3 3 3 4 1 
21 16 0 16 13 3 2 4 14 2 2 18 1 0 12 16 49 8 31 13 0 20 17 3 14 65 0 2 17 2 1 42 1 8 2 22 1 3 12 40 3 0 0 0 3 4 32 0 3 2 3 4 13 3 21 35 4 29 14 16 21 13 16 2 4 19 3 16 1 3 16 2 49 3 27 2 3 2 1 19 35 0 1 0 14 26 0 0 2 24 3 0 16 3 1 0 1 24 0 4 
4 14 24 20 35 14 4 15 4 2 17 3 12 3 22 0 1 1 55 0 37 25 4 2 14 19 13 1 12 14 2 0 67 2 27 4 28 22 13 4 22 0 0 36 15 0 2 3 1 3 20 0 30 1 12 2 1 12 23 12 1 0 1 1 21 1 13 0 4 16 15 13 13 13 0 1 22 4 2 4 14 18 14 15 19 2 2 13 2 49 26 15 16 19 15 4 14 19 13 15 
0 2 16 20 4 12 2 39 1 2 16 3 22 4 28 3 13 3 16 4 2 27 1 3 2 16 21 14 1 30 0 0 3 0 8 1 28 1 20 4 4 0 36 0 15 21 24 22 17 12 8 2 3 4 4 4 2 14 35 15 15 0 0 12 14 0 26 3 4 49 24 29 0 16 2 15 2 2 3 3 16 14 0 23 12 3 0 3 13 0 12 17 2 0 4 3 17 16 21 1 
24 14 0 4 20 41 16 4 53 12 26 33 1 24 14 27 44 1 12 3 1 12 38 0 22 22 29 0 25 19 0 19 15 20 2 31 1 16 27 3 13 3 15 15 0 0 3 14 1 50 2 4 16 22 20 14 2 49 15 25 20 3 23 3 23 21 2 3 12 1 24 15 34 3 20 13 4 23 3 1 18 36 35 1 3 13 27 2 29 16 0 48 18 4 20 14 3 2 2 4 
4 4 2 4 3 16 2 2 0 1 4 1 20 0 0 3 15 1 4 3 2 41 1 0 4 14 17 13 0 22 0 4 1 4 13 0 3 0 41 2 2 4 0 21 0 0 39 2 12 14 16 29 2 2 0 2 1 4 3 12 29 2 0 20 16 1 2 1 3 3 37 14 3 14 1 2 0 4 13 3 12 3 52 3 4 4 4 3 14 2 13 3 2 2 22 0 21 16 19 3 
53 38 18 3 32 4 4 14 25 21 0 13 28 3 3 12 4 31 17 3 15 21 16 23 18 0 37 14 21 33 0 1 15 35 37 16 13 14 26 40 14 32 2 24 3 39 0 29 33 21 27 26 42 38 33 1 17 12 2 14 3 14 12 16 25 15 0 54 25 0 34 16 20 37 32 13 28 15 46 12 12 13 1 24 13 34 44 12 28 24 24 28 17 3 21 35 43 21 37 19 
0 2 15 2 2 14 0 2 4 0 1 1 2 2 4 1 26 1 1 40 0 16 2 16 20 13 26 18 14 20 1 3 2 31 12 0 4 3 2 28 3 0 3 22 14 2 29 0 21 20 3 2 2 1 1 4 3 22 0 33 0 1 15 4 21 1 12 4 0 15 0 24 22 33 2 16 0 2 2 4 8 3 2 0 4 0 1 4 31 4 1 16 31 4 14 4 22 19 2 26 
3 16 15 61 4 2 3 15 4 2 42 2 13 3 13 1 3 1 2 13 1 12 2 1 3 4 16 16 0 25 4 3 13 3 8 3 20 21 15 15 2 3 1 17 1 12 33 21 0 15 8 4 2 4 1 3 0 15 18 2 13 4 4 22 17 4 0 3 2 15 26 14 2 15 1 1 0 53 14 2 17 22 19 3 3 1 0 14 1 32 23 27 14 4 14 2 4 20 0 3 
4 4 15 3 2 14 1 2 4 4 1 3 15 4 1 3 12 19 2 34 15 29 0 21 15 14 35 1 32 0 4 1 1 16 24 4 15 2 19 23 1 2 3 12 50 14 21 20 15 0 20 12 3 1 3 0 2 8 12 28 23 4 3 4 20 3 12 3 3 12 17 0 13 3 0 12 4 3 12 3 25 8 29 15 12 0 0 17 21 2 12 25 43 4 2 15 1 16 0 4 
3 38 21 58 2 16 3 14 4 3 31 1 1 4 17 3 2 3 1 0 13 12 1 16 4 17 1 1 2 23 2 4 1 4 16 1 3 3 22 2 0 3 20 8 2 16 27 3 8 20 0 15 0 3 4 4 1 14 12 2 0 1 0 15 3 0 27 3 4 20 17 16 12 19 4 16 1 20 3 3 2 14 2 16 3 4 4 16 0 15 16 30 12 3 2 3 14 24 15 2 
4 2 3 1 4 12 3 16 3 2 4 2 16 4 3 3 27 1 4 1 3 12 2 0 2 21 2 8 0 14 2 0 0 0 13 2 14 22 2 15 4 4 0 2 4 29 26 2 4 12 15 0 1 2 2 1 1 44 3 39 16 2 2 1 3 1 0 2 3 0 17 16 12 16 2 22 3 3 13 2 21 19 34 0 3 2 1 0 22 4 16 12 20 1 15 0 14 35 19 14 
13 1 2 28 20 26 12 1 13 20 14 1 3 24 22 0 3 16 24 4 0 13 3 4 23 2 2 3 14 69 40 22 13 21 1 14 0 4 18 3 3 13 30 3 16 2 42 2 2 3 0 1 0 16 23 14 14 3 15 0 0 22 22 2 16 0 1 16 20 12 21 14 1 2 0 1 3 21 0 0 4 3 13 2 3 16 15 14 1 3 4 3 18 3 70 16 4 22 2 0 
27 4 0 0 2 0 23 2 8 29 16 15 2 0 27 3 1 1 23 20 2 47 4 0 0 3 3 0 27 20 2 13 3 1 4 14 3 0 3 3 15 3 1 4 22 2 38 1 4 1 3 2 16 0 29 1 22 1 12 14 2 24 18 1 35 15 1 8 12 12 28 2 2 1 13 4 0 1 4 2 2 1 4 4 21 17 26 3 2 1 1 0 21 30 0 16 3 16 1 0 
8 23 2 1 15 30 16 4 3 1 39 22 3 16 1 16 0 13 25 4 3 35 16 4 12 4 0 1 13 21 0 0 15 4 3 19 4 4 0 12 13 21 12 4 20 0 33 1 1 3 4 2 23 29 0 12 8 1 26 14 3 14 18 4 20 21 3 1 22 32 16 3 1 0 3 4 21 23 3 2 4 1 3 4 16 13 20 2 4 15 3 0 16 13 21 17 3 15 0 3 
16 4 2 0 13 1 20 0 13 18 4 23 2 20 26 4 2 22 4 46 1 14 4 1 33 13 2 3 0 0 2 8 16 32 1 16 4 3 2 27 4 35 2 4 14 2 1 4 3 0 4 1 14 1 12 0 12 0 12 20 0 4 2 3 12 16 1 0 2 0 3 2 0 4 17 3 1 0 4 15 3 1 2 4 24 29 18 3 2 2 0 2 13 3 0 31 0 3 3 3 
21 14 2 23 2 23 12 1 14 0 12 3 3 15 18 2 1 4 2 4 4 14 26 3 13 4 3 0 19 61 14 0 23 13 2 2 1 3 2 4 14 4 1 2 2 1 17 3 0 2 1 1 14 22 8 12 0 3 41 14 4 21 0 3 14 3 2 16 8 25 16 3 3 2 19 2 21 16 4 14 2 2 0 1 22 24 14 0 3 18 4 2 18 1 29 3 4 1 4 3 
3 3 28 12 0 16 0 20 4 0 14 0 23 1 15 0 27 67 4 33 1 32 3 21 0 16 12 27 77 18 1 0 4 24 16 2 1 19 24 1 4 29 12 14 49 4 12 22 15 8 14 44 3 1 1 0 3 0 25 21 17 0 2 26 21 2 14 0 2 33 3 32 12 2 1 32 4 3 18 4 20 20 8 13 23 2 3 13 15 3 14 26 18 2 3 28 14 19 14 0 
20 15 0 8 16 14 15 18 19 20 0 1 0 42 20 16 2 3 26 16 27 27 14 2 14 13 4 3 1 13 28 15 15 15 76 13 12 2 18 35 28 14 23 35 15 3 2 0 18 12 12 3 15 12 26 12 41 25 0 16 23 42 27 0 32 3 43 12 19 30 3 62 13 20 1 2 12 3 0 12 1 19 18 14 4 22 20 21 2 16 18 0 0 19 14 3 16 34 2 2 
12 3 14 16 4 0 16 1 26 2 21 38 14 0 28 43 4 21 28 2 1 19 43 27 4 13 31 21 0 18 0 12 20 1 16 14 1 33 4 25 0 16 12 15 25 12 14 33 2 28 2 39 0 14 14 20 14 21 16 0 31 4 13 2 4 23 15 15 4 15 2 15 16 21 3 18 1 14 15 2 18 18 2 1 12 46 15 16 34 12 16 27 29 3 14 21 2 31 14 15 
1 20 16 12 4 2 3 14 1 2 12 4 2 2 16 24 12 61 0 20 15 15 15 22 27 24 21 12 54 31 4 1 2 29 14 3 1 41 20 4 0 21 1 15 20 29 3 0 13 23 0 16 0 2 3 0 4 17 23 31 0 3 23 20 24 16 24 2 4 1 15 23 4 15 4 22 2 4 14 14 3 0 22 20 36 12 1 13 33 4 1 1 2 3 2 61 20 13 27 22 
0 1 3 23 1 15 4 2 12 15 2 43 0 27 29 4 4 12 16 4 2 29 21 0 14 3 1 1 27 52 23 14 15 0 0 3 1 1 1 2 21 13 0 0 3 2 14 1 4 4 1 2 22 24 14 4 21 0 42 4 3 0 2 0 0 12 4 21 8 49 2 3 1 2 3 2 20 12 0 21 3 4 2 0 16 4 16 3 0 19 0 0 21 38 4 20 2 0 0 2 
32 12 4 3 1 1 22 1 2 2 0 2 2 14 20 14 54 12 4 38 2 4 14 4 32 38 3 0 12 1 30 21 16 16 1 13 1 2 1 38 16 16 1 0 23 0 12 15 4 3 0 2 22 18 18 2 0 2 27 13 23 2 0 1 4 8 1 1 0 26 14 3 22 0 24 0 4 2 2 3 28 2 4 3 22 23 15 1 1 15 2 2 13 13 3 21 3 29 4 3 
0 22 17 2 1 28 0 15 3 0 4 1 12 3 1 3 16 4 4 3 4 2 1 0 4 18 0 25 1 63 2 3 1 4 14 0 13 4 16 2 0 2 1 12 3 20 16 4 22 4 15 1 2 1 4 3 3 26 0 2 20 0 1 0 4 2 27 2 0 29 14 31 1 2 2 1 1 0 23 2 1 20 31 19 1 3 0 2 15 2 14 18 3 1 43 0 15 13 16 0 
24 16 4 38 3 21 4 0 17 48 21 18 4 20 35 34 20 14 1 2 1 33 13 14 25 3 3 2 19 3 20 19 2 13 16 13 2 1 17 1 28 4 21 14 23 16 25 21 17 20 3 3 16 35 20 12 14 21 32 4 24 0 4 4 0 2 13 46 32 1 3 38 21 27 4 4 2 0 12 15 14 37 48 2 27 25 30 33 0 14 12 20 32 4 14 24 43 0 28 0 
13 0 0 15 12 1 30 1 4 13 15 0 0 4 15 8 15 14 16 46 3 1 3 4 21 68 4 0 16 14 4 25 4 20 0 3 1 1 3 43 12 19 1 0 21 1 15 1 4 3 0 1 0 15 21 16 3 2 3 23 16 12 8 2 2 0 4 14 4 12 3 1 1 4 13 0 14 19 3 3 2 2 2 0 13 27 13 1 0 0 1 2 25 14 2 16 1 42 3 0 
4 19 1 1 2 31 2 15 4 3 1 1 42 0 23 2 4 0 3 2 19 15 4 26 4 22 28 1 3 39 0 1 3 3 19 0 14 1 14 3 1 3 13 26 2 2 0 12 0 12 27 0 1 1 3 1 2 14 43 15 24 4 1 27 13 4 0 4 1 54 20 12 4 0 0 2 3 2 13 1 14 12 14 16 2 1 1 14 2 2 16 4 15 3 21 1 16 2 20 2 
25 1 3 12 4 4 1 1 15 8 2 8 1 18 13 4 3 22 16 4 1 31 16 1 20 3 3 1 15 0 2 24 21 12 0 32 4 2 2 2 13 16 0 3 3 1 54 4 3 3 3 2 16 8 1 0 16 0 12 15 2 21 1 2 46 14 4 0 14 15 18 1 1 0 1 3 2 13 4 28 0 4 0 2 36 13 38 2 4 15 4 3 12 0 4 0 2 1 1 3 
21 15 1 12 4 27 32 2 24 15 15 15 0 22 20 12 4 3 4 15 0 16 13 3 13 1 4 0 13 40 20 1 14 4 3 14 1 4 1 1 17 1 4 4 12 3 25 0 2 3 4 3 20 12 22 2 8 2 19 4 4 8 0 0 32 4 1 14 0 36 4 0 1 3 15 1 21 14 3 31 2 3 1 4 35 15 4 4 1 16 0 3 13 12 16 3 0 3 0 1 
2 18 2 2 41 23 23 29 16 20 37 19 42 32 22 19 14 15 15 29 29 16 23 13 3 19 20 2 12 23 19 1 13 2 23 2 16 3 19 16 16 3 16 49 1 3 0 15 15 12 20 0 12 12 32 0 25 33 30 15 1 49 26 29 1 12 54 15 36 0 0 19 3 21 14 1 18 16 14 20 2 18 21 42 20 30 15 12 0 16 14 13 19 19 1 21 22 23 14 2 
32 20 1 20 18 23 0 0 2 3 24 2 27 2 20 27 24 26 25 2 24 46 15 15 20 24 14 16 31 1 2 0 2 32 0 3 12 21 25 0 1 16 15 24 24 37 34 0 26 17 17 17 21 28 16 3 16 3 3 2 15 2 14 14 3 3 20 18 4 0 0 2 13 17 4 19 18 37 42 74 12 0 39 22 29 44 41 14 25 0 22 41 15 4 24 21 37 12 50 12 
0 20 15 3 4 28 2 8 1 4 18 1 29 3 86 2 4 2 44 4 28 45 3 4 12 1 2 2 0 0 1 4 2 1 20 4 20 0 20 19 1 2 13 29 15 14 16 24 14 0 16 16 14 2 3 2 3 32 62 15 23 3 3 31 38 1 12 1 0 19 2 0 22 14 0 15 3 22 20 2 1 13 24 24 14 4 1 13 12 18 4 0 20 3 23 0 3 12 14 21 
0 12 1 0 3 2 4 16 3 1 14 3 0 3 4 0 8 16 4 16 14 23 0 17 74 21 17 39 41 20 0 0 3 43 13 1 4 16 20 1 0 49 13 0 34 3 20 22 2 13 12 12 1 2 1 0 3 12 13 16 4 1 22 1 21 1 4 1 1 3 13 22 0 16 1 4 4 1 15 1 8 12 26 0 3 0 3 1 25 0 13 3 15 2 2 1 26 2 3 16 
2 13 16 0 1 23 1 22 1 1 14 2 24 2 3 2 3 3 3 15 1 58 2 20 3 21 26 13 0 14 1 1 3 4 19 2 20 2 3 14 2 3 13 16 3 14 37 33 15 3 19 16 2 1 0 4 2 2 20 21 15 2 0 2 27 4 0 0 3 21 17 14 16 0 2 0 3 3 1 4 25 24 30 14 32 3 3 23 2 1 26 20 26 2 3 4 14 16 34 0 
14 0 3 16 2 0 8 2 12 3 12 4 2 3 14 12 27 21 32 41 1 19 31 1 24 41 2 3 19 1 1 22 16 0 4 1 4 3 3 39 2 27 0 2 20 1 32 2 1 0 4 2 0 13 3 17 19 1 1 3 4 3 24 2 4 13 0 1 15 14 4 0 1 2 0 1 14 2 1 2 4 3 0 3 16 19 25 0 2 0 0 4 20 4 4 1 3 0 4 2 
3 4 0 0 2 13 4 13 4 2 2 4 22 3 0 1 22 1 3 29 3 0 2 25 14 43 0 8 4 3 4 2 3 12 0 3 0 16 26 22 3 2 1 15 13 2 13 16 1 12 16 22 1 4 4 3 2 32 2 18 22 2 0 1 4 0 2 3 1 1 19 15 4 0 1 0 3 1 23 1 3 22 19 3 1 1 2 4 13 2 1 15 21 1 2 3 22 38 20 8 
23 41 4 24 14 20 1 3 1 1 37 2 1 15 20 12 2 4 17 1 2 17 15 2 2 1 3 2 18 37 23 2 13 14 2 1 4 4 1 4 0 3 22 2 4 0 28 0 0 4 1 3 3 0 21 1 21 4 12 1 2 20 4 1 2 14 3 2 21 18 18 3 4 3 14 3 0 14 3 4 4 3 1 1 35 3 15 4 0 18 4 4 4 31 14 1 3 4 3 1 
29 4 14 20 3 24 2 34 3 15 16 26 3 13 23 16 0 13 14 1 21 3 0 1 35 2 0 0 15 14 24 2 13 0 18 14 1 0 12 12 31 2 4 2 23 4 15 2 53 3 20 3 21 1 23 0 16 3 3 14 4 12 2 0 0 19 2 13 14 16 37 22 1 3 2 1 14 0 4 0 3 3 16 2 28 1 1 48 2 22 13 1 13 25 33 21 2 0 1 4 
2 16 21 2 4 2 0 3 2 1 4 1 14 2 4 2 1 3 4 4 13 23 4 2 1 1 1 12 3 29 0 0 0 0 14 2 2 8 33 4 2 1 2 3 3 13 46 2 14 12 3 13 0 4 3 4 4 18 0 15 14 0 2 23 12 3 13 4 3 14 42 20 15 1 1 23 3 4 0 3 15 14 12 18 1 4 2 20 15 1 12 22 22 1 23 2 20 25 15 16 
26 24 0 22 0 26 20 2 3 37 21 20 1 21 15 13 14 15 14 12 0 22 4 2 3 15 2 2 26 12 2 13 36 22 4 19 1 4 75 24 4 19 4 3 1 3 12 4 2 3 3 2 0 2 2 15 14 4 12 2 14 21 3 2 15 3 1 28 31 20 74 2 1 4 2 1 4 0 3 0 4 27 50 2 8 23 14 0 2 28 0 0 15 0 21 17 3 23 4 3 
4 12 0 3 2 4 3 13 0 0 2 3 0 2 4 2 26 12 4 52 21 15 0 31 56 16 2 12 23 21 1 0 1 38 4 1 22 3 14 1 4 35 14 16 18 12 12 8 17 25 2 21 4 2 4 3 2 20 1 18 3 3 28 1 14 2 14 0 2 2 12 1 8 25 4 3 4 3 15 4 0 19 1 2 2 3 1 15 4 1 4 22 17 1 4 3 15 15 4 19 
3 28 22 1 4 33 0 14 3 4 29 0 2 1 15 4 31 4 1 26 1 44 0 1 12 24 2 20 3 21 1 4 4 2 8 3 20 21 13 26 1 0 18 14 36 3 13 3 22 8 14 19 3 1 1 1 2 20 19 18 0 4 2 20 37 2 12 4 3 18 0 13 12 24 3 22 3 3 14 27 19 0 24 15 21 4 4 2 14 1 16 14 22 0 12 1 24 2 27 14 
15 29 28 29 3 12 4 23 0 4 12 2 27 1 42 2 13 4 13 17 15 12 1 3 25 15 13 34 34 3 0 2 2 14 16 2 29 14 15 25 0 1 14 0 35 52 1 2 19 29 2 34 13 4 3 2 0 8 18 2 22 2 4 31 48 2 14 0 1 21 39 24 26 30 0 19 1 16 12 50 1 24 0 22 115 27 0 4 23 2 1 12 1 4 34 2 2 14 23 22 
2 15 15 2 1 24 3 4 3 2 12 4 8 3 0 2 1 2 0 3 15 17 3 2 2 13 16 3 3 54 4 1 0 2 12 3 1 16 31 12 0 0 15 23 1 3 24 0 3 15 16 0 2 4 4 4 1 13 14 1 20 0 3 19 2 0 16 2 4 42 22 24 0 14 3 3 1 2 18 2 2 15 22 0 0 4 0 14 48 3 14 3 15 1 30 2 0 21 8 14 
18 12 1 13 12 15 14 3 27 36 0 12 0 12 8 2 18 0 20 14 1 21 35 4 14 31 1 1 21 19 15 1 18 27 23 22 4 2 79 3 16 14 19 12 3 4 13 4 3 12 3 3 3 21 16 24 22 23 4 12 36 16 22 1 27 13 2 36 35 20 29 14 3 32 16 1 35 28 1 8 2 21 115 0 0 27 16 12 3 14 2 16 0 4 34 2 16 31 3 1 
12 0 3 15 27 12 15 3 4 13 15 2 4 29 1 18 2 16 15 23 2 47 14 0 16 2 1 4 1 35 14 16 33 15 3 27 0 2 48 14 16 26 2 3 13 4 34 0 1 0 4 2 16 17 13 29 24 2 22 46 12 4 23 3 25 27 1 13 15 30 44 4 0 3 19 1 3 1 4 23 3 4 27 4 27 0 4 1 1 16 1 2 13 13 16 19 0 20 3 2 
12 4 4 2 17 15 4 4 23 24 1 13 3 4 12 35 2 4 19 1 3 39 12 1 22 0 0 0 41 32 0 0 15 3 0 4 1 3 26 1 13 0 2 0 27 4 44 1 0 0 4 1 15 26 20 18 14 3 20 15 1 16 15 0 30 13 1 38 4 15 41 1 3 3 25 2 15 1 2 14 1 4 0 0 16 4 0 0 4 20 0 2 1 3 2 20 0 0 0 4 
1 12 28 29 22 3 2 8 3 1 3 4 14 3 17 0 24 4 29 14 26 0 3 3 22 3 22 12 4 16 12 2 57 4 12 2 40 2 20 24 2 0 13 3 2 3 12 4 14 17 16 0 14 3 2 3 0 13 21 16 13 3 1 2 33 1 14 2 4 12 14 13 1 23 0 4 4 48 20 0 15 2 4 14 12 1 0 0 20 63 32 0 16 13 21 1 14 3 3 13 
2 1 1 2 3 12 3 3 2 4 4 1 18 0 2 0 3 4 4 14 20 24 1 23 2 16 15 1 15 13 1 4 1 0 2 3 12 8 26 19 0 2 2 13 29 14 28 31 1 21 0 22 1 2 4 2 3 15 2 34 33 0 1 15 0 0 2 4 1 0 25 12 25 2 2 13 0 2 15 2 4 14 23 48 3 1 4 20 0 2 2 12 25 3 14 3 4 44 24 15 
3 3 4 13 29 30 4 46 2 14 16 4 4 15 2 4 0 16 19 0 4 27 4 3 2 0 0 0 12 15 26 0 14 15 1 20 1 3 14 0 21 24 49 0 16 2 24 4 32 2 15 4 3 1 15 2 18 3 16 12 4 19 15 2 14 0 2 15 16 16 0 18 0 1 0 2 18 22 1 28 1 1 2 3 14 16 20 63 2 0 2 2 14 0 31 12 1 14 1 2 
2 39 3 46 2 30 0 15 3 2 24 3 2 4 13 2 0 2 4 4 26 4 4 0 1 0 0 4 2 34 4 4 2 1 0 3 15 15 20 16 1 3 26 12 0 13 24 1 23 12 16 16 4 1 3 0 4 14 18 16 1 0 2 14 12 1 16 4 0 14 22 4 13 26 0 1 4 13 12 0 4 16 1 14 2 1 0 32 2 2 0 1 4 3 14 1 45 14 20 1 
2 0 0 1 0 4 4 2 0 2 0 2 1 2 2 2 15 13 2 24 19 25 0 0 14 36 15 0 28 14 3 0 1 0 1 1 16 23 3 14 0 0 15 17 48 3 28 16 27 25 30 12 3 0 0 2 2 26 0 27 1 0 2 18 20 2 4 3 3 13 41 0 3 20 4 15 4 1 22 0 22 14 12 3 16 2 2 0 12 2 1 0 45 4 16 3 15 3 17 1 
14 2 2 18 4 2 19 12 28 14 13 50 2 1 15 22 13 4 12 8 2 8 51 18 13 14 40 18 20 4 2 42 13 3 18 28 4 35 2 1 3 16 16 2 18 2 17 31 14 43 12 20 18 21 16 13 18 18 0 29 2 21 13 3 32 25 15 12 13 19 15 20 15 26 20 21 4 13 22 15 17 22 1 15 0 13 1 16 25 14 4 45 0 26 14 15 14 28 22 12 
16 34 4 21 39 2 4 4 36 1 47 0 4 15 39 1 3 3 16 0 3 14 21 2 1 1 2 4 23 43 13 3 16 4 1 1 4 1 0 2 16 3 19 0 4 2 3 4 4 4 3 1 3 30 13 3 1 2 19 3 3 38 13 1 4 14 3 0 12 19 4 3 2 2 4 1 31 25 1 0 1 0 4 1 4 13 3 13 3 0 3 4 26 0 0 21 2 2 2 3 
3 4 14 19 0 20 0 14 1 2 24 4 45 1 67 1 21 13 47 18 16 4 3 12 3 0 21 22 16 13 3 2 15 12 2 0 20 12 14 26 2 1 15 4 20 22 21 14 14 2 2 15 70 0 21 0 29 3 14 14 2 4 3 43 14 2 21 4 16 1 24 23 2 3 4 2 14 33 23 21 4 12 34 30 34 16 2 21 14 31 14 16 14 0 0 4 26 4 21 21 
15 14 3 14 16 3 14 4 12 31 2 16 1 13 12 14 2 8 13 29 2 27 38 4 37 28 1 1 14 15 12 4 3 12 4 2 1 1 3 16 3 0 4 3 14 0 35 4 2 15 3 0 16 16 17 31 3 28 3 21 61 20 21 0 24 16 1 0 3 21 21 0 1 4 1 3 1 21 2 17 3 1 2 2 2 19 20 1 3 12 1 3 15 21 4 0 1 51 1 1 
1 14 15 3 2 24 4 13 3 1 0 2 1 2 1 4 20 3 1 4 16 35 2 35 1 15 29 13 1 12 0 1 3 4 16 3 1 3 14 12 3 1 14 17 3 21 43 22 4 1 14 14 4 3 3 0 4 14 16 2 20 2 3 15 43 1 16 2 0 22 37 3 26 14 3 22 3 2 20 3 15 24 2 0 16 0 0 14 4 1 45 15 14 2 26 1 0 12 24 21 
19 0 1 1 2 28 2 16 36 1 28 0 16 3 22 66 14 59 1 12 13 3 38 38 1 19 44 28 23 16 2 0 4 38 15 2 3 35 28 19 3 24 19 16 2 16 21 19 20 16 24 35 22 16 15 3 1 19 34 31 13 0 29 13 0 42 2 1 3 23 12 12 2 16 0 38 4 0 25 23 15 2 14 21 31 20 0 3 44 14 14 3 28 2 4 51 12 0 15 27 
0 0 23 3 4 16 3 15 2 0 2 4 27 2 2 4 4 4 1 13 50 35 0 20 2 17 35 15 1 38 4 0 1 1 2 2 3 26 19 1 4 0 13 21 2 19 37 2 0 0 15 19 2 1 0 3 4 14 2 14 27 0 4 16 28 3 20 1 0 14 50 14 3 34 4 20 3 1 15 4 4 27 23 8 3 3 0 3 24 1 20 17 22 2 21 1 24 15 0 30 
1 2 0 1 4 15 3 0 4 0 0 4 4 3 0 3 20 4 3 29 0 16 0 8 32 40 36 20 15 13 1 4 1 4 14 0 2 12 21 28 1 4 15 1 4 3 19 26 3 4 2 14 0 0 3 3 3 0 2 15 22 2 3 0 0 0 2 3 1 2 12 21 16 0 2 8 1 4 16 3 19 14 22 14 1 2 4 13 15 2 1 1 12 3 21 1 21 27 30 0 

0 1 2 3 4 1 2 3 4 5 2 3 4 5 6 3 4 5 6 7 4 5 6 7 8 5 6 7 8 9 6 7 8 9 10 7 8 9 10 11 8 9 10 11 12 9 10 11 12 13 10 11 12 13 14 11 12 13 14 15 12 13 14 15 16 13 14 15 16 17 14 15 16 17 18 15 16 17 18 19 16 17 18 19 20 17 18 19 20 21 18 19 20 21 22 19 20 21 22 23 
1 0 1 2 3 2 1 2 3 4 3 2 3 4 5 4 3 4 5 6 5 4 5 6 7 6 5 6 7 8 7 6 7 8 9 8 7 8 9 10 9 8 9 10 11 10 9 10 11 12 11 10 11 12 13 12 11 12 13 14 13 12 13 14 15 14 13 14 15 16 15 14 15 16 17 16 15 16 17 18 17 16 17 18 19 18 17 18 19 20 19 18 19 20 21 20 19 20 21 22 
2 1 0 1 2 3 2 1 2 3 4 3 2 3 4 5 4 3 4 5 6 5 4 5 6 7 6 5 6 7 8 7 6 7 8 9 8 7 8 9 10 9 8 9 10 11 10 9 10 11 12 11 10 11 12 13 12 11 12 13 14 13 12 13 14 15 14 13 14 15 16 15 14 15 16 17 16 15 16 17 18 17 16 17 18 19 18 17 18 19 20 19 18 19 20 21 20 19 20 21 
3 2 1 0 1 4 3 2 1 2 5 4 3 2 3 6 5 4 3 4 7 6 5 4 5 8 7 6 5 6 9 8 7 6 7 10 9 8 7 8 11 10 9 8 9 12 11 10 9 10 13 12 11 10 11 14 13 12 11 12 15 14 13 12 13 16 15 14 13 14 17 16 15 14 15 18 17 16 15 16 19 18 17 16 17 20 19 18 17 18 21 20 19 18 19 22 21 20 19 20 
4 3 2 1 0 5 4 3 2 1 6 5 4 3 2 7 6 5 4 3 8 7 6 5 4 9 8 7 6 5 10 9 8 7 6 11 10 9 8 7 12 11 10 9 8 13 12 11 10 9 14 13 12 11 10 15 14 13 12 11 16 15 14 13 12 17 16 15 14 13 18 17 16 15 14 19 18 17 16 15 20 19 18 17 16 21 20 19 18 17 22 21 20 19 18 23 22 21 20 19 
1 2 3 4 5 0 1 2 3 4 1 2 3 4 5 2 3 4 5 6 3 4 5 6 7 4 5 6 7 8 5 6 7 8 9 6 7 8 9 10 7 8 9 10 11 8 9 10 11 12 9 10 11 12 13 10 11 12 13 14 11 12 13 14 15 12 13 14 15 16 13 14 15 16 17 14 15 16 17 18 15 16 17 18 19 16 17 18 19 20 17 18 19 20 21 18 19 20 21 22 
2 1 2 3 4 1 0 1 2 3 2 1 2 3 4 3 2 3 4 5 4 3 4 5 6 5 4 5 6 7 6 5 6 7 8 7 6 7 8 9 8 7 8 9 10 9 8 9 10 11 10 9 10 11 12 11 10 11 12 13 12 11 12 13 14 13 12 13 14 15 14 13 14 15 16 15 14 15 16 17 16 15 16 17 18 17 16 17 18 19 18 17 18 19 20 19 18 19 20 21 
3 2 1 2 3 2 1 0 1 2 3 2 1 2 3 4 3 2 3 4 5 4 3 4 5 6 5 4 5 6 7 6 5 6 7 8 7 6 7 8 9 8 7 8 9 10 9 8 9 10 11 10 9 10 11 12 11 10 11 12 13 12 11 12 13 14 13 12 13 14 15 14 13 14 15 16 15 14 15 16 17 16 15 16 17 18 17 16 17 18 19 18 17 18 19 20 19 18 19 20 
4 3 2 1 2 3 2 1 0 1 4 3 2 1 2 5 4 3 2 3 6 5 4 3 4 7 6 5 4 5 8 7 6 5 6 9 8 7 6 7 10 9 8 7 8 11 10 9 8 9 12 11 10 9 10 13 12 11 10 11 14 13 12 11 12 15 14 13 12 13 16 15 14 13 14 17 16 15 14 15 18 17 16 15 16 19 18 17 16 17 20 19 18 17 18 21 20 19 18 19 
5 4 3 2 1 4 3 2 1 0 5 4 3 2 1 6 5 4 3 2 7 6 5 4 3 8 7 6 5 4 9 8 7 6 5 10 9 8 7 6 11 10 9 8 7 12 11 10 9 8 13 12 11 10 9 14 13 12 11 10 15 14 13 12 11 16 15 14 13 12 17 16 15 14 13 18 17 16 15 14 19 18 17 16 15 20 19 18 17 16 21 20 19 18 17 22 21 20 19 18 
2 3 4 5 6 1 2 3 4 5 0 1 2 3 4 1 2 3 4 5 2 3 4 5 6 3 4 5 6 7 4 5 6 7 8 5 6 7 8 9 6 7 8 9 10 7 8 9 10 11 8 9 10 11 12 9 10 11 12 13 10 11 12 13 14 11 12 13 14 15 12 13 14 15 16 13 14 15 16 17 14 15 16 17 18 15 16 17 18 19 16 17 18 19 20 17 18 19 20 21 
3 2 3 4 5 2 1 2 3 4 1 0 1 2 3 2 1 2 3 4 3 2 3 4 5 4 3 4 5 6 5 4 5 6 7 6 5 6 7 8 7 6 7 8 9 8 7 8 9 10 9 8 9 10 11 10 9 10 11 12 11 10 11 12 13 12 11 12 13 14 13 12 13 14 15 14 13 14 15 16 15 14 15 16 17 16 15 16 17 18 17 16 17 18 19 18 17 18 19 20 
4 3 2 3 4 3 2 1 2 3 2 1 0 1 2 3 2 1 2 3 4 3 2 3 4 5 4 3 4 5 6 5 4 5 6 7 6 5 6 7 8 7 6 7 8 9 8 7 8 9 10 9 8 9 10 11 10 9 10 11 12 11 10 11 12 13 12 11 12 13 14 13 12 13 14 15 14 13 14 15 16 15 14 15 16 17 16 15 16 17 18 17 16 17 18 19 18 17 18 19 
5 4 3 2 3 4 3 2 1 2 3 2 1 0 1 4 3 2 1 2 5 4 3 2 3 6 5 4 3 4 7 6 5 4 5 8 7 6 5 6 9 8 7 6 7 10 9 8 7 8 11 10 9 8 9 12 11 10 9 10 13 12 11 10 11 14 13 12 11 12 15 14 13 12 13 16 15 14 13 14 17 16 15 14 15 18 17 16 15 16 19 18 17 16 17 20 19 18 17 18 
6 5 4 3 2 5 4 3 2 1 4 3 2 1 0 5 4 3 2 1 6 5 4 3 2 7 6 5 4 3 8 7 6 5 4 9 8 7 6 5 10 9 8 7 6 11 10 9 8 7 12 11 10 9 8 13 12 11 10 9 14 13 12 11 10 15 14 13 12 11 16 15 14 13 12 17 16 15 14 13 18 17 16 15 14 19 18 17 16 15 20 19 18 17 16 21 20 19 18 17 
3 4 5 6 7 2 3 4 5 6 1 2 3 4 5 0 1 2 3 4 1 2 3 4 5 2 3 4 5 6 3 4 5 6 7 4 5 6 7 8 5 6 7 8 9 6 7 8 9 10 7 8 9 10 11 8 9 10 11 12 9 10 11 12 13 10 11 12 13 14 11 12 13 14 15 12 13 14 15 16 13 14 15 16 17 14 15 16 17 18 15 16 17 18 19 16 17 18 19 20 
4 3 4 5 6 3 2 3 4 5 2 1 2 3 4 1 0 1 2 3 2 1 2 3 4 3 2 3 4 5 4 3 4 5 6 5 4 5 6 7 6 5 6 7 8 7 6 7 8 9 8 7 8 9 10 9 8 9 10 11 10 9 10 11 12 11 10 11 12 13 12 11 12 13 14 13 12 13 14 15 14 13 14 15 16 15 14 15 16 17 16 15 16 17 18 17 16 17 18 19 
5 4 3 4 5 4 3 2 3 4 3 2 1 2 3 2 1 0 1 2 3 2 1 2 3 4 3 2 3 4 5 4 3 4 5 6 5 4 5 6 7 6 5 6 7 8 7 6 7 8 9 8 7 8 9 10 9 8 9 10 11 10 9 10 11 12 11 10 11 12 13 12 11 12 13 14 13 12 13 14 15 14 13 14 15 16 15 14 15 16 17 16 15 16 17 18 17 16 17 18 
6 5 4 3 4 5 4 3 2 3 4 3 2 1 2 3 2 1 0 1 4 3 2 1 2 5 4 3 2 3 6 5 4 3 4 7 6 5 4 5 8 7 6 5 6 9 8 7 6 7 10 9 8 7 8 11 10 9 8 9 12 11 10 9 10 13 12 11 10 11 14 13 12 11 12 15 14 13 12 13 16 15 14 13 14 17 16 15 14 15 18 17 16 15 16 19 18 17 16 17 
7 6 5 4 3 6 5 4 3 2 5 4 3 2 1 4 3 2 1 0 5 4 3 2 1 6 5 4 3 2 7 6 5 4 3 8 7 6 5 4 9 8 7 6 5 10 9 8 7 6 11 10 9 8 7 12 11 10 9 8 13 12 11 10 9 14 13 12 11 10 15 14 13 12 11 16 15 14 13 12 17 16 15 14 13 18 17 16 15 14 19 18 17 16 15 20 19 18 17 16 
4 5 6 7 8 3 4 5 6 7 2 3 4 5 6 1 2 3 4 5 0 1 2 3 4 1 2 3 4 5 2 3 4 5 6 3 4 5 6 7 4 5 6 7 8 5 6 7 8 9 6 7 8 9 10 7 8 9 10 11 8 9 10 11 12 9 10 11 12 13 10 11 12 13 14 11 12 13 14 15 12 13 14 15 16 13 14 15 16 17 14 15 16 17 18 15 16 17 18 19 
5 4 5 6 7 4 3 4 5 6 3 2 3 4 5 2 1 2 3 4 1 0 1 2 3 2 1 2 3 4 3 2 3 4 5 4 3 4 5 6 5 4 5 6 7 6 5 6 7 8 7 6 7 8 9 8 7 8 9 10 9 8 9 10 11 10 9 10 11 12 11 10 11 12 13 12 11 12 13 14 13 12 13 14 15 14 13 14 15 16 15 14 15 16 17 16 15 16 17 18 
6 5 4 5 6 5 4 3 4 5 4 3 2 3 4 3 2 1 2 3 2 1 0 1 2 3 2 1 2 3 4 3 2 3 4 5 4 3 4 5 6 5 4 5 6 7 6 5 6 7 8 7 6 7 8 9 8 7 8 9 10 9 8 9 10 11 10 9 10 11 12 11 10 11 12 13 12 11 12 13 14 13 12 13 14 15 14 13 14 15 16 15 14 15 16 17 16 15 16 17 
7 6 5 4 5 6 5 4 3 4 5 4 3 2 3 4 3 2 1 2 3 2 1 0 1 4 3 2 1 2 5 4 3 2 3 6 5 4 3 4 7 6 5 4 5 8 7 6 5 6 9 8 7 6 7 10 9 8 7 8 11 10 9 8 9 12 11 10 9 10 13 12 11 10 11 14 13 12 11 12 15 14 13 12 13 16 15 14 13 14 17 16 15 14 15 18 17 16 15 16 
8 7 6 5 4 7 6 5 4 3 6 5 4 3 2 5 4 3 2 1 4 3 2 1 0 5 4 3 2 1 6 5 4 3 2 7 6 5 4 3 8 7 6 5 4 9 8 7 6 5 10 9 8 7 6 11 10 9 8 7 12 11 10 9 8 13 12 11 10 9 14 13 12 11 10 15 14 13 12 11 16 15 14 13 12 17 16 15 14 13 18 17 16 15 14 19 18 17 16 15 
5 6 7 8 9 4 5 6 7 8 3 4 5 6 7 2 3 4 5 6 1 2 3 4 5 0 1 2 3 4 1 2 3 4 5 2 3 4 5 6 3 4 5 6 7 4 5 6 7 8 5 6 7 8 9 6 7 8 9 10 7 8 9 10 11 8 9 10 11 12 9 10 11 12 13 10 11 12 13 14 11 12 13 14 15 12 13 14 15 16 13 14 15 16 17 14 15 16 17 18 
6 5 6 7 8 5 4 5 6 7 4 3 4 5 6 3 2 3 4 5 2 1 2 3 4 1 0 1 2 3 2 1 2 3 4 3 2 3 4 5 4 3 4 5 6 5 4 5 6 7 6 5 6 7 8 7 6 7 8 9 8 7 8 9 10 9 8 9 10 11 10 9 10 11 12 11 10 11 12 13 12 11 12 13 14 13 12 13 14 15 14 13 14 15 16 15 14 15 16 17 
7 6 5 6 7 6 5 4 5 6 5 4 3 4 5 4 3 2 3 4 3 2 1 2 3 2 1 0 1 2 3 2 1 2 3 4 3 2 3 4 5 4 3 4 5 6 5 4 5 6 7 6 5 6 7 8 7 6 7 8 9 8 7 8 9 10 9 8 9 10 11 10 9 10 11 12 11 10 11 12 13 12 11 12 13 14 13 12 13 14 15 14 13 14 15 16 15 14 15 16 
8 7 6 5 6 7 6 5 4 5 6 5 4 3 4 5 4 3 2 3 4 3 2 1 2 3 2 1 0 1 4 3 2 1 2 5 4 3 2 3 6 5 4 3 4 7 6 5 4 5 8 7 6 5 6 9 8 7 6 7 10 9 8 7 8 11 10 9 8 9 12 11 10 9 10 13 12 11 10 11 14 13 12 11 12 15 14 13 12 13 16 15 14 13 14 17 16 15 14 15 
9 8 7 6 5 8 7 6 5 4 7 6 5 4 3 6 5 4 3 2 5 4 3 2 1 4 3 2 1 0 5 4 3 2 1 6 5 4 3 2 7 6 5 4 3 8 7 6 5 4 9 8 7 6 5 10 9 8 7 6 11 10 9 8 7 12 11 10 9 8 13 12 11 10 9 14 13 12 11 10 15 14 13 12 11 16 15 14 13 12 17 16 15 14 13 18 17 16 15 14 
6 7 8 9 10 5 6 7 8 9 4 5 6 7 8 3 4 5 6 7 2 3 4 5 6 1 2 3 4 5 0 1 2 3 4 1 2 3 4 5 2 3 4 5 6 3 4 5 6 7 4 5 6 7 8 5 6 7 8 9 6 7 8 9 10 7 8 9 10 11 8 9 10 11 12 9 10 11 12 13 10 11 12 13 14 11 12 13 14 15 12 13 14 15 16 13 14 15 16 17 
7 6 7 8 9 6 5 6 7 8 5 4 5 6 7 4 3 4 5 6 3 2 3 4 5 2 1 2 3 4 1 0 1 2 3 2 1 2 3 4 3 2 3 4 5 4 3 4 5 6 5 4 5 6 7 6 5 6 7 8 7 6 7 8 9 8 7 8 9 10 9 8 9 10 11 10 9 10 11 12 11 10 11 12 13 12 11 12 13 14 13 12 13 14 15 14 13 14 15 16 
8 7 6 7 8 7 6 5 6 7 6 5 4 5 6 5 4 3 4 5 4 3 2 3 4 3 2 1 2 3 2 1 0 1 2 3 2 1 2 3 4 3 2 3 4 5 4 3 4 5 6 5 4 5 6 7 6 5 6 7 8 7 6 7 8 9 8 7 8 9 10 9 8 9 10 11 10 9 10 11 12 11 10 11 12 13 12 11 12 13 14 13 12 13 14 15 14 13 14 15 
9 8 7 6 7 8 7 6 5 6 7 6 5 4 5 6 5 4 3 4 5 4 3 2 3 4 3 2 1 2 3 2 1 0 1 4 3 2 1 2 5 4 3 2 3 6 5 4 3 4 7 6 5 4 5 8 7 6 5 6 9 8 7 6 7 10 9 8 7 8 11 10 9 8 9 12 11 10 9 10 13 12 11 10 11 14 13 12 11 12 15 14 13 12 13 16 15 14 13 14 
10 9 8 7 6 9 8 7 6 5 8 7 6 5 4 7 6 5 4 3 6 5 4 3 2 5 4 3 2 1 4 3 2 1 0 5 4 3 2 1 6 5 4 3 2 7 6 5 4 3 8 7 6 5 4 9 8 7 6 5 10 9 8 7 6 11 10 9 8 7 12 11 10 9 8 13 12 11 10 9 14 13 12 11 10 15 14 13 12 11 16 15 14 13 12 17 16 15 14 13 
7 8 9 10 11 6 7 8 9 10 5 6 7 8 9 4 5 6 7 8 3 4 5 6 7 2 3 4 5 6 1 2 3 4 5 0 1 2 3 4 1 2 3 4 5 2 3 4 5 6 3 4 5 6 7 4 5 6 7 8 5 6 7 8 9 6 7 8 9 10 7 8 9 10 11 8 9 10 11 12 9 10 11 12 13 10 11 12 13 14 11 12 13 14 15 12 13 14 15 16 
8 7 8 9 10 7 6 7 8 9 6 5 6 7 8 5 4 5 6 7 4 3 4 5 6 3 2 3 4 5 2 1 2 3 4 1 0 1 2 3 2 1 2 3 4 3 2 3 4 5 4 3 4 5 6 5 4 5 6 7 6 5 6 7 8 7 6 7 8 9 8 7 8 9 10 9 8 9 10 11 10 9 10 11 12 11 10 11 12 13 12 11 12 13 14 13 12 13 14 15 
9 8 7 8 9 8 7 6 7 8 7 6 5 6 7 6 5 4 5 6 5 4 3 4 5 4 3 2 3 4 3 2 1 2 3 2 1 0 1 2 3 2 1 2 3 4 3 2 3 4 5 4 3 4 5 6 5 4 5 6 7 6 5 6 7 8 7 6 7 8 9 8 7 8 9 10 9 8 9 10 11 10 9 10 11 12 11 10 11 12 13 12 11 12 13 14 13 12 13 14 
10 9 8 7 8 9 8 7 6 7 8 7 6 5 6 7 6 5 4 5 6 5 4 3 4 5 4 3 2 3 4 3 2 1 2 3 2 1 0 1 4 3 2 1 2 5 4 3 2 3 6 5 4 3 4 7 6 5 4 5 8 7 6 5 6 9 8 7 6 7 10 9 8 7 8 11 10 9 8 9 12 11 10 9 10 13 12 11 10 11 14 13 12 11 12 15 14 13 12 13 
11 10 9 8 7 10 9 8 7 6 9 8 7 6 5 8 7 6 5 4 7 6 5 4 3 6 5 4 3 2 5 4 3 2 1 4 3 2 1 0 5 4 3 2 1 6 5 4 3 2 7 6 5 4 3 8 7 6 5 4 9 8 7 6 5 10 9 8 7 6 11 10 9 8 7 12 11 10 9 8 13 12 11 10 9 14 13 12 11 10 15 14 13 12 11 16 15 14 13 12 
8 9 10 11 12 7 8 9 10 11 6 7 8 9 10 5 6 7 8 9 4 5 6 7 8 3 4 5 6 7 2 3 4 5 6 1 2 3 4 5 0 1 2 3 4 1 2 3 4 5 2 3 4 5 6 3 4 5 6 7 4 5 6 7 8 5 6 7 8 9 6 7 8 9 10 7 8 9 10 11 8 9 10 11 12 9 10 11 12 13 10 11 12 13 14 11 12 13 14 15 
9 8 9 10 11 8 7 8 9 10 7 6 7 8 9 6 5 6 7 8 5 4 5 6 7 4 3 4 5 6 3 2 3 4 5 2 1 2 3 4 1 0 1 2 3 2 1 2 3 4 3 2 3 4 5 4 3 4 5 6 5 4 5 6 7 6 5 6 7 8 7 6 7 8 9 8 7 8 9 10 9 8 9 10 11 10 9 10 11 12 11 10 11 12 13 12 11 12 13 14 
10 9 8 9 10 9 8 7 8 9 8 7 6 7 8 7 6 5 6 7 6 5 4 5 6 5 4 3 4 5 4 3 2 3 4 3 2 1 2 3 2 1 0 1 2 3 2 1 2 3 4 3 2 3 4 5 4 3 4 5 6 5 4 5 6 7 6 5 6 7 8 7 6 7 8 9 8 7 8 9 10 9 8 9 10 11 10 9 10 11 12 11 10 11 12 13 12 11 12 13 
11 10 9 8 9 10 9 8 7 8 9 8 7 6 7 8 7 6 5 6 7 6 5 4 5 6 5 4 3 4 5 4 3 2 3 4 3 2 1 2 3 2 1 0 1 4 3 2 1 2 5 4 3 2 3 6 5 4 3 4 7 6 5 4 5 8 7 6 5 6 9 8 7 6 7 10 9 8 7 8 11 10 9 8 9 12 11 10 9 10 13 12 11 10 11 14 13 12 11 12 
12 11 10 9 8 11 10 9 8 7 10 9 8 7 6 9 8 7 6 5 8 7 6 5 4 7 6 5 4 3 6 5 4 3 2 5 4 3 2 1 4 3 2 1 0 5 4 3 2 1 6 5 4 3 2 7 6 5 4 3 8 7 6 5 4 9 8 7 6 5 10 9 8 7 6 11 10 9 8 7 12 11 10 9 8 13 12 11 10 9 14 13 12 11 10 15 14 13 12 11 
9 10 11 12 13 8 9 10 11 12 7 8 9 10 11 6 7 8 9 10 5 6 7 8 9 4 5 6 7 8 3 4 5 6 7 2 3 4 5 6 1 2 3 4 5 0 1 2 3 4 1 2 3 4 5 2 3 4 5 6 3 4 5 6 7 4 5 6 7 8 5 6 7 8 9 6 7 8 9 10 7 8 9 10 11 8 9 10 11 12 9 10 11 12 13 10 11 12 13 14 
10 9 10 11 12 9 8 9 10 11 8 7 8 9 10 7 6 7 8 9 6 5 6 7 8 5 4 5 6 7 4 3 4 5 6 3 2 3 4 5 2 1 2 3 4 1 0 1 2 3 2 1 2 3 4 3 2 3 4 5 4 3 4 5 6 5 4 5 6 7 6 5 6 7 8 7 6 7 8 9 8 7 8 9 10 9 8 9 10 11 10 9 10 11 12 11 10 11 12 13 
11 10 9 10 11 10 9 8 9 10 9 8 7 8 9 8 7 6 7 8 7 6 5 6 7 6 5 4 5 6 5 4 3 4 5 4 3 2 3 4 3 2 1 2 3 2 1 0 1 2 3 2 1 2 3 4 3 2 3 4 5 4 3 4 5 6 5 4 5 6 7 6 5 6 7 8 7 6 7 8 9 8 7 8 9 10 9 8 9 10 11 10 9 10 11 12 11 10 11 12 
12 11 10 9 10 11 10 9 8 9 10 9 8 7 8 9 8 7 6 7 8 7 6 5 6 7 6 5 4 5 6 5 4 3 4 5 4 3 2 3 4 3 2 1 2 3 2 1 0 1 4 3 2 1 2 5 4 3 2 3 6 5 4 3 4 7 6 5 4 5 8 7 6 5 6 9 8 7 6 7 10 9 8 7 8 11 10 9 8 9 12 11 10 9 10 13 12 11 10 11 
13 12 11 10 9 12 11 10 9 8 11 10 9 8 7 10 9 8 7 6 9 8 7 6 5 8 7 6 5 4 7 6 5 4 3 6 5 4 3 2 5 4 3 2 1 4 3 2 1 0 5 4 3 2 1 6 5 4 3 2 7 6 5 4 3 8 7 6 5 4 9 8 7 6 5 10 9 8 7 6 11 10 9 8 7 12 11 10 9 8 13 12 11 10 9 14 13 12 11 10 
10 11 12 13 14 9 10 11 12 13 8 9 10 11 12 7 8 9 10 11 6 7 8 9 10 5 6 7 8 9 4 5 6 7 8 3 4 5 6 7 2 3 4 5 6 1 2 3 4 5 0 1 2 3 4 1 2 3 4 5 2 3 4 5 6 3 4 5 6 7 4 5 6 7 8 5 6 7 8 9 6 7 8 9 10 7 8 9 10 11 8 9 10 11 12 9 10 11 12 13 
11 10 11 12 13 10 9 10 11 12 9 8 9 10 11 8 7 8 9 10 7 6 7 8 9 6 5 6 7 8 5 4 5 6 7 4 3 4 5 6 3 2 3 4 5 2 1 2 3 4 1 0 1 2 3 2 1 2 3 4 3 2 3 4 5 4 3 4 5 6 5 4 5 6 7 6 5 6 7 8 7 6 7 8 9 8 7 8 9 10 9 8 9 10 11 10 9 10 11 12 
12 11 10 11 12 11 10 9 10 11 10 9 8 9 10 9 8 7 8 9 8 7 6 7 8 7 6 5 6 7 6 5 4 5 6 5 4 3 4 5 4 3 2 3 4 3 2 1 2 3 2 1 0 1 2 3 2 1 2 3 4 3 2 3 4 5 4 3 4 5 6 5 4 5 6 7 6 5 6 7 8 7 6 7 8 9 8 7 8 9 10 9 8 9 10 11 10 9 10 11 
13 12 11 10 11 12 11 10 9 10 11 10 9 8 9 10 9 8 7 8 9 8 7 6 7 8 7 6 5 6 7 6 5 4 5 6 5 4 3 4 5 4 3 2 3 4 3 2 1 2 3 2 1 0 1 4 3 2 1 2 5 4 3 2 3 6 5 4 3 4 7 6 5 4 5 8 7 6 5 6 9 8 7 6 7 10 9 8 7 8 11 10 9 8 9 12 11 10 9 10 
14 13 12 11 10 13 12 11 10 9 12 11 10 9 8 11 10 9 8 7 10 9 8 7 6 9 8 7 6 5 8 7 6 5 4 7 6 5 4 3 6 5 4 3 2 5 4 3 2 1 4 3 2 1 0 5 4 3 2 1 6 5 4 3 2 7 6 5 4 3 8 7 6 5 4 9 8 7 6 5 10 9 8 7 6 11 10 9 8 7 12 11 10 9 8 13 12 11 10 9 
11 12 13 14 15 10 11 12 13 14 9 10 11 12 13 8 9 10 11 12 7 8 9 10 11 6 7 8 9 10 5 6 7 8 9 4 5 6 7 8 3 4 5 6 7 2 3 4 5 6 1 2 3 4 5 0 1 2 3 4 1 2 3 4 5 2 3 4 5 6 3 4 5 6 7 4 5 6 7 8 5 6 7 8 9 6 7 8 9 10 7 8 9 10 11 8 9 10 11 12 
12 11 12 13 14 11 10 11 12 13 10 9 10 11 12 9 8 9 10 11 8 7 8 9 10 7 6 7 8 9 6 5 6 7 8 5 4 5 6 7 4 3 4 5 6 3 2 3 4 5 2 1 2 3 4 1 0 1 2 3 2 1 2 3 4 3 2 3 4 5 4 3 4 5 6 5 4 5 6 7 6 5 6 7 8 7 6 7 8 9 8 7 8 9 10 9 8 9 10 11 
13 12 11 12 13 12 11 10 11 12 11 10 9 10 11 10 9 8 9 10 9 8 7 8 9 8 7 6 7 8 7 6 5 6 7 6 5 4 5 6 5 4 3 4 5 4 3 2 3 4 3 2 1 2 3 2 1 0 1 2 3 2 1 2 3 4 3 2 3 4 5 4 3 4 5 6 5 4 5 6 7 6 5 6 7 8 7 6 7 8 9 8 7 8 9 10 9 8 9 10 
14 13 12 11 12 13 12 11 10 11 12 11 10 9 10 11 10 9 8 9 10 9 8 7 8 9 8 7 6 7 8 7 6 5 6 7 6 5 4 5 6 5 4 3 4 5 4 3 2 3 4 3 2 1 2 3 2 1 0 1 4 3 2 1 2 5 4 3 2 3 6 5 4 3 4 7 6 5 4 5 8 7 6 5 6 9 8 7 6 7 10 9 8 7 8 11 10 9 8 9 
15 14 13 12 11 14 13 12 11 10 13 12 11 10 9 12 11 10 9 8 11 10 9 8 7 10 9 8 7 6 9 8 7 6 5 8 7 6 5 4 7 6 5 4 3 6 5 4 3 2 5 4 3 2 1 4 3 2 1 0 5 4 3 2 1 6 5 4 3 2 7 6 5 4 3 8 7 6 5 4 9 8 7 6 5 10 9 8 7 6 11 10 9 8 7 12 11 10 9 8 
12 13 14 15 16 11 12 13 14 15 10 11 12 13 14 9 10 11 12 13 8 9 10 11 12 7 8 9 10 11 6 7 8 9 10 5 6 7 8 9 4 5 6 7 8 3 4 5 6 7 2 3 4 5 6 1 2 3 4 5 0 1 2 3 4 1 2 3 4 5 2 3 4 5 6 3 4 5 6 7 4 5 6 7 8 5 6 7 8 9 6 7 8 9 10 7 8 9 10 11 
13 12 13 14 15 12 11 12 13 14 11 10 11 12 13 10 9 10 11 12 9 8 9 10 11 8 7 8 9 10 7 6 7 8 9 6 5 6 7 8 5 4 5 6 7 4 3 4 5 6 3 2 3 4 5 2 1 2 3 4 1 0 1 2 3 2 1 2 3 4 3 2 3 4 5 4 3 4 5 6 5 4 5 6 7 6 5 6 7 8 7 6 7 8 9 8 7 8 9 10 
14 13 12 13 14 13 12 11 12 13 12 11 10 11 12 11 10 9 10 11 10 9 8 9 10 9 8 7 8 9 8 7 6 7 8 7 6 5 6 7 6 5 4 5 6 5 4 3 4 5 4 3 2 3 4 3 2 1 2 3 2 1 0 1 2 3 2 1 2 3 4 3 2 3 4 5 4 3 4 5 6 5 4 5 6 7 6 5 6 7 8 7 6 7 8 9 8 7 8 9 
15 14 13 12 13 14 13 12 11 12 13 12 11 10 11 12 11 10 9 10 11 10 9 8 9 10 9 8 7 8 9 8 7 6 7 8 7 6 5 6 7 6 5 4 5 6 5 4 3 4 5 4 3 2 3 4 3 2 1 2 3 2 1 0 1 4 3 2 1 2 5 4 3 2 3 6 5 4 3 4 7 6 5 4 5 8 7 6 5 6 9 8 7 6 7 10 9 8 7 8 
16 15 14 13 12 15 14 13 12 11 14 13 12 11 10 13 12 11 10 9 12 11 10 9 8 11 10 9 8 7 10 9 8 7 6 9 8 7 6 5 8 7 6 5 4 7 6 5 4 3 6 5 4 3 2 5 4 3 2 1 4 3 2 1 0 5 4 3 2 1 6 5 4 3 2 7 6 5 4 3 8 7 6 5 4 9 8 7 6 5 10 9 8 7 6 11 10 9 8 7 
13 14 15 16 17 12 13 14 15 16 11 12 13 14 15 10 11 12 13 14 9 10 11 12 13 8 9 10 11 12 7 8 9 10 11 6 7 8 9 10 5 6 7 8 9 4 5 6 7 8 3 4 5 6 7 2 3 4 5 6 1 2 3 4 5 0 1 2 3 4 1 2 3 4 5 2 3 4 5 6 3 4 5 6 7 4 5 6 7 8 5 6 7 8 9 6 7 8 9 10 
14 13 14 15 16 13 12 13 14 15 12 11 12 13 14 11 10 11 12 13 10 9 10 11 12 9 8 9 10 11 8 7 8 9 10 7 6 7 8 9 6 5 6 7 8 5 4 5 6 7 4 3 4 5 6 3 2 3 4 5 2 1 2 3 4 1 0 1 2 3 2 1 2 3 4 3 2 3 4 5 4 3 4 5 6 5 4 5 6 7 6 5 6 7 8 7 6 7 8 9 
15 14 13 14 15 14 13 12 13 14 13 12 11 12 13 12 11 10 11 12 11 10 9 10 11 10 9 8 9 10 9 8 7 8 9 8 7 6 7 8 7 6 5 6 7 6 5 4 5 6 5 4 3 4 5 4 3 2 3 4 3 2 1 2 3 2 1 0 1 2 3 2 1 2 3 4 3 2 3 4 5 4 3 4 5 6 5 4 5 6 7 6 5 6 7 8 7 6 7 8 
16 15 14 13 14 15 14 13 12 13 14 13 12 11 12 13 12 11 10 11 12 11 10 9 10 11 10 9 8 9 10 9 8 7 8 9 8 7 6 7 8 7 6 5 6 7 6 5 4 5 6 5 4 3 4 5 4 3 2 3 4 3 2 1 2 3 2 1 0 1 4 3 2 1 2 5 4 3 2 3 6 5 4 3 4 7 6 5 4 5 8 7 6 5 6 9 8 7 6 7 
17 16 15 14 13 16 15 14 13 12 15 14 13 12 11 14 13 12 11 10 13 12 11 10 9 12 11 10 9 8 11 10 9 8 7 10 9 8 7 6 9 8 7 6 5 8 7 6 5 4 7 6 5 4 3 6 5 4 3 2 5 4 3 2 1 4 3 2 1 0 5 4 3 2 1 6 5 4 3 2 7 6 5 4 3 8 7 6 5 4 9 8 7 6 5 10 9 8 7 6 
14 15 16 17 18 13 14 15 16 17 12 13 14 15 16 11 12 13 14 15 10 11 12 13 14 9 10 11 12 13 8 9 10 11 12 7 8 9 10 11 6 7 8 9 10 5 6 7 8 9 4 5 6 7 8 3 4 5 6 7 2 3 4 5 6 1 2 3 4 5 0 1 2 3 4 1 2 3 4 5 2 3 4 5 6 3 4 5 6 7 4 5 6 7 8 5 6 7 8 9 
15 14 15 16 17 14 13 14 15 16 13 12 13 14 15 12 11 12 13 14 11 10 11 12 13 10 9 10 11 12 9 8 9 10 11 8 7 8 9 10 7 6 7 8 9 6 5 6 7 8 5 4 5 6 7 4 3 4 5 6 3 2 3 4 5 2 1 2 3 4 1 0 1 2 3 2 1 2 3 4 3 2 3 4 5 4 3 4 5 6 5 4 5 6 7 6 5 6 7 8 
16 15 14 15 16 15 14 13 14 15 14 13 12 13 14 13 12 11 12 13 12 11 10 11 12 11 10 9 10 11 10 9 8 9 10 9 8 7 8 9 8 7 6 7 8 7 6 5 6 7 6 5 4 5 6 5 4 3 4 5 4 3 2 3 4 3 2 1 2 3 2 1 0 1 2 3 2 1 2 3 4 3 2 3 4 5 4 3 4 5 6 5 4 5 6 7 6 5 6 7 
17 16 15 14 15 16 15 14 13 14 15 14 13 12 13 14 13 12 11 12 13 12 11 10 11 12 11 10 9 10 11 10 9 8 9 10 9 8 7 8 9 8 7 6 7 8 7 6 5 6 7 6 5 4 5 6 5 4 3 4 5 4 3 2 3 4 3 2 1 2 3 2 1 0 1 4 3 2 1 2 5 4 3 2 3 6 5 4 3 4 7 6 5 4 5 8 7 6 5 6 
18 17 16 15 14 17 16 15 14 13 16 15 14 13 12 15 14 13 12 11 14 13 12 11 10 13 12 11 10 9 12 11 10 9 8 11 10 9 8 7 10 9 8 7 6 9 8 7 6 5 8 7 6 5 4 7 6 5 4 3 6 5 4 3 2 5 4 3 2 1 4 3 2 1 0 5 4 3 2 1 6 5 4 3 2 7 6 5 4 3 8 7 6 5 4 9 8 7 6 5 
15 16 17 18 19 14 15 16 17 18 13 14 15 16 17 12 13 14 15 16 11 12 13 14 15 10 11 12 13 14 9 10 11 12 13 8 9 10 11 12 7 8 9 10 11 6 7 8 9 10 5 6 7 8 9 4 5 6 7 8 3 4 5 6 7 2 3 4 5 6 1 2 3 4 5 0 1 2 3 4 1 2 3 4 5 2 3 4 5 6 3 4 5 6 7 4 5 6 7 8 
16 15 16 17 18 15 14 15 16 17 14 13 14 15 16 13 12 13 14 15 12 11 12 13 14 11 10 11 12 13 10 9 10 11 12 9 8 9 10 11 8 7 8 9 10 7 6 7 8 9 6 5 6 7 8 5 4 5 6 7 4 3 4 5 6 3 2 3 4 5 2 1 2 3 4 1 0 1 2 3 2 1 2 3 4 3 2 3 4 5 4 3 4 5 6 5 4 5 6 7 
17 16 15 16 17 16 15 14 15 16 15 14 13 14 15 14 13 12 13 14 13 12 11 12 13 12 11 10 11 12 11 10 9 10 11 10 9 8 9 10 9 8 7 8 9 8 7 6 7 8 7 6 5 6 7 6 5 4 5 6 5 4 3 4 5 4 3 2 3 4 3 2 1 2 3 2 1 0 1 2 3 2 1 2 3 4 3 2 3 4 5 4 3 4 5 6 5 4 5 6 
18 17 16 15 16 17 16 15 14 15 16 15 14 13 14 15 14 13 12 13 14 13 12 11 12 13 12 11 10 11 12 11 10 9 10 11 10 9 8 9 10 9 8 7 8 9 8 7 6 7 8 7 6 5 6 7 6 5 4 5 6 5 4 3 4 5 4 3 2 3 4 3 2 1 2 3 2 1 0 1 4 3 2 1 2 5 4 3 2 3 6 5 4 3 4 7 6 5 4 5 
19 18 17 16 15 18 17 16 15 14 17 16 15 14 13 16 15 14 13 12 15 14 13 12 11 14 13 12 11 10 13 12 11 10 9 12 11 10 9 8 11 10 9 8 7 10 9 8 7 6 9 8 7 6 5 8 7 6 5 4 7 6 5 4 3 6 5 4 3 2 5 4 3 2 1 4 3 2 1 0 5 4 3 2 1 6 5 4 3 2 7 6 5 4 3 8 7 6 5 4 
16 17 18 19 20 15 16 17 18 19 14 15 16 17 18 13 14 15 16 17 12 13 14 15 16 11 12 13 14 15 10 11 12 13 14 9 10 11 12 13 8 9 10 11 12 7 8 9 10 11 6 7 8 9 10 5 6 7 8 9 4 5 6 7 8 3 4 5 6 7 2 3 4 5 6 1 2 3 4 5 0 1 2 3 4 1 2 3 4 5 2 3 4 5 6 3 4 5 6 7 
17 16 17 18 19 16 15 16 17 18 15 14 15 16 17 14 13 14 15 16 13 12 13 14 15 12 11 12 13 14 11 10 11 12 13 10 9 10 11 12 9 8 9 10 11 8 7 8 9 10 7 6 7 8 9 6 5 6 7 8 5 4 5 6 7 4 3 4 5 6 3 2 3 4 5 2 1 2 3 4 1 0 1 2 3 2 1 2 3 4 3 2 3 4 5 4 3 4 5 6 
18 17 16 17 18 17 16 15 16 17 16 15 14 15 16 15 14 13 14 15 14 13 12 13 14 13 12 11 12 13 12 11 10 11 12 11 10 9 10 11 10 9 8 9 10 9 8 7 8 9 8 7 6 7 8 7 6 5 6 7 6 5 4 5 6 5 4 3 4 5 4 3 2 3 4 3 2 1 2 3 2 1 0 1 2 3 2 1 2 3 4 3 2 3 4 5 4 3 4 5 
19 18 17 16 17 18 17 16 15 16 17 16 15 14 15 16 15 14 13 14 15 14 13 12 13 14 13 12 11 12 13 12 11 10 11 12 11 10 9 10 11 10 9 8 9 10 9 8 7 8 9 8 7 6 7 8 7 6 5 6 7 6 5 4 5 6 5 4 3 4 5 4 3 2 3 4 3 2 1 2 3 2 1 0 1 4 3 2 1 2 5 4 3 2 3 6 5 4 3 4 
20 19 18 17 16 19 18 17 16 15 18 17 16 15 14 17 16 15 14 13 16 15 14 13 12 15 14 13 12 11 14 13 12 11 10 13 12 11 10 9 12 11 10 9 8 11 10 9 8 7 10 9 8 7 6 9 8 7 6 5 8 7 6 5 4 7 6 5 4 3 6 5 4 3 2 5 4 3 2 1 4 3 2 1 0 5 4 3 2 1 6 5 4 3 2 7 6 5 4 3 
17 18 19 20 21 16 17 18 19 20 15 16 17 18 19 14 15 16 17 18 13 14 15 16 17 12 13 14 15 16 11 12 13 14 15 10 11 12 13 14 9 10 11 12 13 8 9 10 11 12 7 8 9 10 11 6 7 8 9 10 5 6 7 8 9 4 5 6 7 8 3 4 5 6 7 2 3 4 5 6 1 2 3 4 5 0 1 2 3 4 1 2 3 4 5 2 3 4 5 6 
18 17 18 19 20 17 16 17 18 19 16 15 16 17 18 15 14 15 16 17 14 13 14 15 16 13 12 13 14 15 12 11 12 13 14 11 10 11 12 13 10 9 10 11 12 9 8 9 10 11 8 7 8 9 10 7 6 7 8 9 6 5 6 7 8 5 4 5 6 7 4 3 4 5 6 3 2 3 4 5 2 1 2 3 4 1 0 1 2 3 2 1 2 3 4 3 2 3 4 5 
19 18 17 18 19 18 17 16 17 18 17 16 15 16 17 16 15 14 15 16 15 14 13 14 15 14 13 12 13 14 13 12 11 12 13 12 11 10 11 12 11 10 9 10 11 10 9 8 9 10 9 8 7 8 9 8 7 6 7 8 7 6 5 6 7 6 5 4 5 6 5 4 3 4 5 4 3 2 3 4 3 2 1 2 3 2 1 0 1 2 3 2 1 2 3 4 3 2 3 4 
20 19 18 17 18 19 18 17 16 17 18 17 16 15 16 17 16 15 14 15 16 15 14 13 14 15 14 13 12 13 14 13 12 11 12 13 12 11 10 11 12 11 10 9 10 11 10 9 8 9 10 9 8 7 8 9 8 7 6 7 8 7 6 5 6 7 6 5 4 5 6 5 4 3 4 5 4 3 2 3 4 3 2 1 2 3 2 1 0 1 4 3 2 1 2 5 4 3 2 3 
21 20 19 18 17 20 19 18 17 16 19 18 17 16 15 18 17 16 15 14 17 16 15 14 13 16 15 14 13 12 15 14 13 12 11 14 13 12 11 10 13 12 11 10 9 12 11 10 9 8 11 10 9 8 7 10 9 8 7 6 9 8 7 6 5 8 7 6 5 4 7 6 5 4 3 6 5 4 3 2 5 4 3 2 1 4 3 2 1 0 5 4 3 2 1 6 5 4 3 2 
18 19 20 21 22 17 18 19 20 21 16 17 18 19 20 15 16 17 18 19 14 15 16 17 18 13 14 15 16 17 12 13 14 15 16 11 12 13 14 15 10 11 12 13 14 9 10 11 12 13 8 9 10 11 12 7 8 9 10 11 6 7 8 9 10 5 6 7 8 9 4 5 6 7 8 3 4 5 6 7 2 3 4 5 6 1 2 3 4 5 0 1 2 3 4 1 2 3 4 5 
19 18 19 20 21 18 17 18 19 20 17 16 17 18 19 16 15 16 17 18 15 14 15 16 17 14 13 14 15 16 13 12 13 14 15 12 11 12 13 14 11 10 11 12 13 10 9 10 11 12 9 8 9 10 11 8 7 8 9 10 7 6 7 8 9 6 5 6 7 8 5 4 5 6 7 4 3 4 5 6 3 2 3 4 5 2 1 2 3 4 1 0 1 2 3 2 1 2 3 4 
20 19 18 19 20 19 18 17 18 19 18 17 16 17 18 17 16 15 16 17 16 15 14 15 16 15 14 13 14 15 14 13 12 13 14 13 12 11 12 13 12 11 10 11 12 11 10 9 10 11 10 9 8 9 10 9 8 7 8 9 8 7 6 7 8 7 6 5 6 7 6 5 4 5 6 5 4 3 4 5 4 3 2 3 4 3 2 1 2 3 2 1 0 1 2 3 2 1 2 3 
21 20 19 18 19 20 19 18 17 18 19 18 17 16 17 18 17 16 15 16 17 16 15 14 15 16 15 14 13 14 15 14 13 12 13 14 13 12 11 12 13 12 11 10 11 12 11 10 9 10 11 10 9 8 9 10 9 8 7 8 9 8 7 6 7 8 7 6 5 6 7 6 5 4 5 6 5 4 3 4 5 4 3 2 3 4 3 2 1 2 3 2 1 0 1 4 3 2 1 2 
22 21 20 19 18 21 20 19 18 17 20 19 18 17 16 19 18 17 16 15 18 17 16 15 14 17 16 15 14 13 16 15 14 13 12 15 14 13 12 11 14 13 12 11 10 13 12 11 10 9 12 11 10 9 8 11 10 9 8 7 10 9 8 7 6 9 8 7 6 5 8 7 6 5 4 7 6 5 4 3 6 5 4 3 2 5 4 3 2 1 4 3 2 1 0 5 4 3 2 1 
19 20 21 22 23 18 19 20 21 22 17 18 19 20 21 16 17 18 19 20 15 16 17 18 19 14 15 16 17 18 13 14 15 16 17 12 13 14 15 16 11 12 13 14 15 10 11 12 13 14 9 10 11 12 13 8 9 10 11 12 7 8 9 10 11 6 7 8 9 10 5 6 7 8 9 4 5 6 7 8 3 4 5 6 7 2 3 4 5 6 1 2 3 4 5 0 1 2 3 4 
20 19 20 21 22 19 18 19 20 21 18 17 18 19 20 17 16 17 18 19 16 15 16 17 18 15 14 15 16 17 14 13 14 15 16 13 12 13 14 15 12 11 12 13 14 11 10 11 12 13 10 9 10 11 12 9 8 9 10 11 8 7 8 9 10 7 6 7 8 9 6 5 6 7 8 5 4 5 6 7 4 3 4 5 6 3 2 3 4 5 2 1 2 3 4 1 0 1 2 3 
21 20 19 20 21 20 19 18 19 20 19 18 17 18 19 18 17 16 17 18 17 16 15 16 17 16 15 14 15 16 15 14 13 14 15 14 13 12 13 14 13 12 11 12 13 12 11 10 11 12 11 10 9 10 11 10 9 8 9 10 9 8 7 8 9 8 7 6 7 8 7 6 5 6 7 6 5 4 5 6 5 4 3 4 5 4 3 2 3 4 3 2 1 2 3 2 1 0 1 2 
22 21 20 19 20 21 20 19 18 19 20 19 18 17 18 19 18 17 16 17 18 17 16 15 16 17 16 15 14 15 16 15 14 13 14 15 14 13 12 13 14 13 12 11 12 13 12 11 10 11 12 11 10 9 10 11 10 9 8 9 10 9 8 7 8 9 8 7 6 7 8 7 6 5 6 7 6 5 4 5 6 5 4 3 4 5 4 3 2 3 4 3 2 1 2 3 2 1 0 1 
23 22 21 20 19 22 21 20 19 18 21 20 19 18 17 20 19 18 17 16 19 18 17 16 15 18 17 16 15 14 17 16 15 14 13 16 15 14 13 12 15 14 13 12 11 14 13 12 11 10 13 12 11 10 9 12 11 10 9 8 11 10 9 8 7 10 9 8 7 6 9 8 7 6 5 8 7 6 5 4 7 6 5 4 3 6 5 4 3 2 5 4 3 2 1 4 3 2 1 0 
